#
# Total count = 28184319.0 bin-width = 2/25
0	-1.96	9.0
1	-1.88	0
2	-1.8	0
3	-1.72	1.0
4	-1.6400000000000001	0
5	-1.56	2.0
6	-1.48	1.0
7	-1.4	1.0
8	-1.3199999999999998	0
9	-1.24	1.0
10	-1.1600000000000001	0
11	-1.08	3.0
12	-1.0	0
13	-0.9199999999999999	0
14	-0.8400000000000001	1.0
15	-0.76	0
16	-0.6799999999999999	0
17	-0.5999999999999999	0
18	-0.52	0
19	-0.43999999999999995	0
20	-0.3599999999999999	1.0
21	-0.28	0
22	-0.19999999999999996	0
23	-0.11999999999999988	1.0
24	-0.040000000000000036	2.0
25	0.040000000000000036	3.0
26	0.1200000000000001	1.0
27	0.20000000000000018	0
28	0.28000000000000025	1.0
29	0.3599999999999999	2.0
30	0.43999999999999995	2.0
31	0.52	0
32	0.6000000000000001	2.0
33	0.6800000000000002	1.0
34	0.7600000000000002	1.0
35	0.8399999999999999	3.0
36	0.9199999999999999	2.0
37	1.0	1.0
38	1.08	1.0
39	1.1600000000000001	4.0
40	1.2400000000000002	1.0
41	1.3200000000000003	1.0
42	1.4	1.0
43	1.48	1.0
44	1.56	4.0
45	1.6400000000000001	2.0
46	1.7200000000000002	5.0
47	1.8000000000000003	3.0
48	1.88	2.0
49	1.96	1.0
50	2.04	1.0
51	2.12	5.0
52	2.2	7.0
53	2.2800000000000002	1.0
54	2.3600000000000003	2.0
55	2.4400000000000004	4.0
56	2.5200000000000005	3.0
57	2.6000000000000005	4.0
58	2.6799999999999997	2.0
59	2.76	4.0
60	2.84	4.0
61	2.92	7.0
62	3.0	2.0
63	3.08	4.0
64	3.16	10.0
65	3.24	5.0
66	3.3200000000000003	7.0
67	3.4000000000000004	5.0
68	3.4800000000000004	8.0
69	3.5600000000000005	4.0
70	3.6399999999999997	5.0
71	3.7199999999999998	7.0
72	3.8	7.0
73	3.88	5.0
74	3.96	7.0
75	4.04	9.0
76	4.12	9.0
77	4.2	8.0
78	4.28	13.0
79	4.36	10.0
80	4.44	14.0
81	4.5200000000000005	10.0
82	4.6000000000000005	14.0
83	4.68	16.0
84	4.76	16.0
85	4.84	18.0
86	4.92	12.0
87	5.0	9.0
88	5.08	14.0
89	5.16	17.0
90	5.24	14.0
91	5.32	16.0
92	5.4	9.0
93	5.48	17.0
94	5.5600000000000005	20.0
95	5.640000000000001	16.0
96	5.72	13.0
97	5.8	25.0
98	5.88	20.0
99	5.96	24.0
100	6.040000000000001	20.0
101	6.120000000000001	13.0
102	6.199999999999999	21.0
103	6.279999999999999	22.0
104	6.359999999999999	22.0
105	6.4399999999999995	26.0
106	6.52	43.0
107	6.6	27.0
108	6.68	46.0
109	6.76	40.0
110	6.84	40.0
111	6.92	47.0
112	7.0	45.0
113	7.08	52.0
114	7.16	60.0
115	7.24	57.0
116	7.32	59.0
117	7.4	41.0
118	7.48	47.0
119	7.5600000000000005	56.0
120	7.640000000000001	61.0
121	7.720000000000001	73.0
122	7.800000000000001	82.0
123	7.880000000000001	88.0
124	7.960000000000001	75.0
125	8.040000000000001	83.0
126	8.120000000000001	91.0
127	8.200000000000001	101.0
128	8.28	94.0
129	8.36	107.0
130	8.44	93.0
131	8.52	107.0
132	8.6	144.0
133	8.68	142.0
134	8.76	138.0
135	8.84	141.0
136	8.92	126.0
137	9.0	134.0
138	9.08	188.0
139	9.16	180.0
140	9.24	176.0
141	9.32	182.0
142	9.4	215.0
143	9.48	180.0
144	9.56	198.0
145	9.64	228.0
146	9.72	234.0
147	9.8	260.0
148	9.88	271.0
149	9.96	249.0
150	10.040000000000001	282.0
151	10.120000000000001	264.0
152	10.200000000000001	327.0
153	10.280000000000001	347.0
154	10.36	335.0
155	10.44	358.0
156	10.52	342.0
157	10.6	377.0
158	10.68	385.0
159	10.76	406.0
160	10.84	451.0
161	10.92	473.0
162	11.0	497.0
163	11.08	508.0
164	11.16	551.0
165	11.24	567.0
166	11.32	578.0
167	11.4	617.0
168	11.48	651.0
169	11.56	647.0
170	11.64	715.0
171	11.72	711.0
172	11.8	799.0
173	11.88	777.0
174	11.96	791.0
175	12.040000000000001	913.0
176	12.120000000000001	892.0
177	12.200000000000001	880.0
178	12.280000000000001	990.0
179	12.36	994.0
180	12.44	1029.0
181	12.52	1029.0
182	12.6	1082.0
183	12.68	1178.0
184	12.76	1191.0
185	12.84	1292.0
186	12.92	1352.0
187	13.0	1375.0
188	13.08	1435.0
189	13.16	1514.0
190	13.24	1506.0
191	13.32	1616.0
192	13.4	1675.0
193	13.48	1709.0
194	13.56	1820.0
195	13.64	1862.0
196	13.72	2011.0
197	13.8	2053.0
198	13.88	2098.0
199	13.96	2236.0
200	14.04	2202.0
201	14.120000000000001	2387.0
202	14.2	2463.0
203	14.280000000000001	2496.0
204	14.36	2470.0
205	14.440000000000001	2667.0
206	14.52	2735.0
207	14.600000000000001	2914.0
208	14.68	3137.0
209	14.760000000000002	2962.0
210	14.84	3352.0
211	14.920000000000002	3477.0
212	15.0	3316.0
213	15.080000000000002	3393.0
214	15.16	4016.0
215	15.240000000000002	3533.0
216	15.32	4439.0
217	15.400000000000002	3998.0
218	15.48	4165.0
219	15.559999999999999	4437.0
220	15.64	4694.0
221	15.719999999999999	4998.0
222	15.8	4052.0
223	15.879999999999999	5569.0
224	15.96	4677.0
225	16.04	6523.0
226	16.12	5120.0
227	16.2	5480.0
228	16.28	6158.0
229	16.36	7437.0
230	16.44	6407.0
231	16.52	6764.0
232	16.6	7411.0
233	16.68	8829.0
234	16.76	4503.0
235	16.84	8354.0
236	16.92	8901.0
237	17.0	9706.0
238	17.080000000000002	5322.0
239	17.16	10729.0
240	17.240000000000002	11685.0
241	17.32	5865.0
242	17.400000000000002	13055.0
243	17.48	6096.0
244	17.56	14967.0
245	17.64	6996.0
246	17.72	15003.0
247	17.8	7169.0
248	17.88	17008.0
249	17.96	8324.0
250	18.04	8136.0
251	18.12	18483.0
252	18.2	9222.0
253	18.28	8967.0
254	18.36	21568.0
255	18.44	10049.0
256	18.52	9720.0
257	18.6	11982.0
258	18.68	27198.0
259	18.76	11210.0
260	18.84	11326.0
261	18.92	10572.0
262	19.0	11667.0
263	19.080000000000002	11515.0
264	19.16	34763.0
265	19.240000000000002	16429.0
266	19.32	16523.0
267	19.400000000000002	17691.0
268	19.48	14404.0
269	19.56	21195.0
270	19.64	22116.0
271	19.72	50552.0
272	19.8	24197.0
273	19.88	16736.0
274	19.96	21574.0
275	20.04	21028.0
276	20.12	15562.0
277	20.2	19137.0
278	20.28	19503.0
279	20.36	20937.0
280	20.44	20790.0
281	20.52	19071.0
282	20.6	22936.0
283	20.68	61509.0
284	20.76	20448.0
285	20.84	22328.0
286	20.92	22569.0
287	21.0	27436.0
288	21.080000000000002	19484.0
289	21.16	29665.0
290	21.240000000000002	28338.0
291	21.32	28209.0
292	21.400000000000002	24156.0
293	21.48	30550.0
294	21.56	39131.0
295	21.64	28549.0
296	21.72	30198.0
297	21.8	41097.0
298	21.88	32748.0
299	21.96	40927.0
300	22.04	32714.0
301	22.12	41758.0
302	22.2	48270.0
303	22.28	36544.0
304	22.36	42171.0
305	22.44	40631.0
306	22.52	55640.0
307	22.6	55903.0
308	22.68	46074.0
309	22.76	62844.0
310	22.84	50717.0
311	22.92	43737.0
312	23.0	57484.0
313	23.080000000000002	54092.0
314	23.16	78027.0
315	23.240000000000002	54146.0
316	23.32	68858.0
317	23.400000000000002	58728.0
318	23.48	70710.0
319	23.560000000000002	80129.0
320	23.64	74143.0
321	23.72	73361.0
322	23.8	103018.0
323	23.88	80404.0
324	23.96	83645.0
325	24.04	90183.0
326	24.12	119429.0
327	24.2	103545.0
328	24.28	103761.0
329	24.36	105804.0
330	24.44	106165.0
331	24.52	110664.0
332	24.6	112457.0
333	24.68	138110.0
334	24.76	141114.0
335	24.84	138081.0
336	24.92	134828.0
337	25.0	144827.0
338	25.080000000000002	143169.0
339	25.16	148183.0
340	25.240000000000002	147803.0
341	25.32	172246.0
342	25.400000000000002	172038.0
343	25.48	190830.0
344	25.560000000000002	217671.0
345	25.64	268269.0
346	25.72	264227.0
347	25.8	304387.0
348	25.88	291574.0
349	25.96	282629.0
350	26.04	284064.0
351	26.12	257799.0
352	26.2	267609.0
353	26.28	265345.0
354	26.36	243381.0
355	26.44	254929.0
356	26.52	247548.0
357	26.6	228398.0
358	26.68	285793.0
359	26.76	261126.0
360	26.84	304914.0
361	26.92	221002.0
362	27.0	330640.0
363	27.080000000000002	298900.0
364	27.16	339116.0
365	27.240000000000002	399756.0
366	27.32	289444.0
367	27.400000000000002	322537.0
368	27.48	371751.0
369	27.560000000000002	299000.0
370	27.64	227106.0
371	27.72	357044.0
372	27.8	445876.0
373	27.88	291257.0
374	27.96	224613.0
375	28.04	329088.0
376	28.12	454900.0
377	28.2	634583.0
378	28.28	476585.0
379	28.36	209452.0
380	28.44	197110.0
381	28.52	254744.0
382	28.6	395243.0
383	28.68	609332.0
384	28.76	931767.0
385	28.84	1010606.0
386	28.92	50259.0
387	29.0	128493.0
388	29.080000000000002	110228.0
389	29.16	149805.0
390	29.240000000000002	158951.0
391	29.32	236696.0
392	29.400000000000002	261209.0
393	29.48	350185.0
394	29.560000000000002	609652.0
395	29.64	927298.0
396	29.720000000000002	1672681.0
397	29.8	2389739.0
398	29.88	1190297.0
399	29.96	0
