0	2.05	0
1	2.15	0
2	2.25	0
3	2.35	0
4	2.45	0
5	2.55	0
6	2.65	0
7	2.75	0
8	2.85	0
9	2.95	0.05953171744285445
10	3.05	0
11	3.1500000000000004	0
12	3.25	0.05508977082153216
13	3.35	0
14	3.45	0
15	3.55	0.0129955379162053
16	3.6500000000000004	0.02544031106440914
17	3.75	0
18	3.85	0
19	3.95	0.02802902751749101
20	4.050000000000001	0
21	4.15	0.06363686766006568
22	4.25	0.04447704458126099
23	4.35	0.03149484427339761
24	4.45	0.055753077108287946
25	4.550000000000001	0.022868724284786007
26	4.65	0.020451130218470025
27	4.75	0.013605014313084404
28	4.85	0.02194917028743505
29	4.95	0.01204590891965198
30	5.050000000000001	0.02038862652447556
31	5.15	0.00671003743073379
32	5.25	0.017019965092079186
33	5.35	0.014034040714749353
34	5.45	0.013355653341437021
35	5.550000000000001	0.0068977228605386545
36	5.65	0.029112294119195675
37	5.75	0.031077673523592135
38	5.85	0.01202189250724546
39	5.95	0.016985662158206353
40	6.05	0.015144113294003954
41	6.15	0.012588784448732238
42	6.25	0.018113954084803836
43	6.3500000000000005	0.015312010246072769
44	6.45	0.014894403626713638
45	6.55	0.020558877172134126
46	6.65	0.01666050347117795
47	6.75	0.02001077120840998
48	6.8500000000000005	0.019846012517127493
49	6.95	0.009457366814391577
50	7.050000000000001	0.01779358996286566
51	7.15	0.01493589840822183
52	7.25	0.007807949249441346
53	7.3500000000000005	0.010561380806850332
54	7.45	0.008768213463103906
55	7.550000000000001	0.007200259917732239
56	7.65	0.011066379271717768
57	7.75	0.007105327528945664
58	7.8500000000000005	0.008047721090908264
59	7.95	0.006035747231225839
60	8.05	0.005113272907865369
61	8.15	0.004275705973557363
62	8.25	0.004457463577432486
63	8.350000000000001	0.005870814192121885
64	8.45	0.005967925928676752
65	8.55	0.005349339858126202
66	8.65	0.004508242380433572
67	8.75	0.0029707561168625567
68	8.850000000000001	0.003924090004621962
69	8.95	0.0030495177452084434
70	9.05	0.002560690040781701
71	9.15	0.0027708663395552865
72	9.25	0.0051238209510638755
73	9.350000000000001	0.003420922191879893
74	9.45	0.0029459551392594526
75	9.55	0.004047397501351632
76	9.65	0.003713041966741065
77	9.75	0.00250659862917282
78	9.850000000000001	0.002558292758236586
79	9.95	0.00198285777349812
80	10.05	0.0012378259454315736
81	10.15	0.0012288034456708666
82	10.25	0.0010360619290435747
83	10.35	0.0014622987655651205
84	10.450000000000001	9.367272577650605e-4
85	10.55	0.0011122955139782505
86	10.65	0.001112818557442639
87	10.75	6.873226991623115e-4
88	10.85	6.023281361991236e-4
89	10.950000000000001	6.603859607462856e-4
90	11.05	5.71250637023353e-4
91	11.15	8.822871505132546e-4
92	11.25	9.891187781146764e-4
93	11.35	8.468945427562756e-4
94	11.450000000000001	8.923993241581061e-4
95	11.55	5.661509632455614e-4
96	11.65	5.753913977830976e-4
97	11.75	7.596334581140695e-4
98	11.850000000000001	6.374592222239076e-4
99	11.950000000000001	4.010871632755146e-4
100	12.05	3.768528160921646e-4
101	12.15	4.345183580410349e-4
102	12.25	4.343004232642064e-4
103	12.350000000000001	2.67275210302701e-4
104	12.450000000000001	3.707506423409622e-4
105	12.55	4.271957495395911e-4
106	12.65	6.252112877661357e-4
107	12.75	4.7470553088824495e-4
108	12.850000000000001	3.644305338129297e-4
109	12.950000000000001	1.9330814704704481e-4
110	13.05	2.521941237461558e-4
111	13.15	2.834459707433895e-4
112	13.25	2.3088010257231039e-4
113	13.350000000000001	2.2251140714208887e-4
114	13.450000000000001	1.280584748645361e-4
115	13.55	2.0420488588847904e-4
116	13.65	1.6685086514004228e-4
117	13.75	1.3263510517793847e-4
118	13.850000000000001	1.668072781846765e-4
119	13.950000000000001	2.157118421050338e-4
120	14.05	1.0831358408385708e-4
121	14.15	1.539055393964183e-4
122	14.25	1.453624961447338e-4
123	14.350000000000001	1.741734736414862e-4
124	14.450000000000001	1.6393053913053797e-4
125	14.55	1.354246703213457e-4
126	14.65	1.3956543108109063e-4
127	14.75	1.569566262720199e-4
128	14.850000000000001	1.300198878559943e-4
129	14.950000000000001	8.577912815977094e-5
130	15.05	1.4610347438595133e-4
131	15.15	8.817641070488649e-5
132	15.25	7.418499803248484e-5
133	15.350000000000001	8.490738905245622e-5
134	15.450000000000001	5.7186085439847306e-5
135	15.55	6.202423748544413e-5
136	15.65	7.209282417492946e-5
137	15.75	6.0455107092277595e-5
138	15.850000000000001	5.330684641229666e-5
139	15.950000000000001	3.500032515868704e-5
140	16.05	6.381130265543937e-5
141	16.15	3.1339020907965096e-5
142	16.25	2.9377607916506915e-5
143	16.35	3.992565111501535e-5
144	16.450000000000003	2.6936738416025626e-5
145	16.55	2.3754890674326807e-5
146	16.65	3.2995325211863114e-5
147	16.75	4.027434675794126e-5
148	16.85	2.5149673246030406e-5
149	16.950000000000003	1.8916738628729977e-5
150	17.05	2.5977825397979415e-5
151	17.15	2.0398695111165036e-5
152	17.25	1.8698803851901286e-5
153	17.35	2.541119497822482e-5
154	17.450000000000003	2.074739075409094e-5
155	17.55	1.9657716869947506e-5
156	17.65	1.8829564717998494e-5
157	17.75	1.6170760440688523e-5
158	17.85	2.1226847263114048e-5
159	17.950000000000003	1.0068586689485307e-5
160	18.05	1.0896738841434314e-5
161	18.150000000000002	1.7957825610683756e-5
162	18.25	2.118326030774831e-5
163	18.35	1.1812064904114799e-5
164	18.45	8.194347608758607e-6
165	18.55	1.1724890993383325e-5
166	18.650000000000002	1.1681304038017587e-5
167	18.75	7.366195456809599e-6
168	18.85	7.3226085014438624e-6
169	18.95	1.1114673618263e-5
170	19.05	8.019999787295659e-6
171	19.150000000000002	5.622717242180107e-6
172	19.25	3.181847741698821e-6
173	19.35	7.802065010466973e-6
174	19.45	3.966412938282092e-6
175	19.55	2.39728254511555e-6
176	19.650000000000002	2.266521679018338e-6
177	19.75	2.7895651434071855e-6
178	19.85	2.8767390541386605e-6
179	19.95	2.39728254511555e-6
180	20.05	2.7023912326757105e-6
181	20.150000000000002	2.1357608129211264e-6
182	20.25	8.717391073147454e-7
183	20.35	2.0049999468239148e-6
184	20.45	1.0460869287776945e-6
185	20.55	1.1332608395091692e-6
186	20.650000000000002	2.0049999468239143e-6
187	20.75	1.743478214629491e-7
188	20.85	3.9228259829163547e-7
189	20.95	3.9228259829163547e-7
190	21.05	0
191	21.150000000000002	1.743478214629491e-7
192	21.25	3.9228259829163547e-7
193	21.35	0
194	21.450000000000003	5.230434643888472e-7
195	21.55	0
196	21.650000000000002	0
197	21.75	0
198	21.85	0
199	21.950000000000003	0
