0	0.5	0
1	1.5	270823.0
2	2.5	294510.0
3	3.5	373070.0
4	4.5	537442.0
5	5.5	705847.0
6	6.5	770885.0
7	7.5	745537.0
8	8.5	657607.0
9	9.5	565071.0
10	10.5	508868.0
11	11.5	472880.0
12	12.5	469008.0
13	13.5	426742.0
14	14.5	413505.0
15	15.5	410217.0
16	16.5	389248.0
17	17.5	374176.0
18	18.5	352844.0
19	19.5	360631.0
20	20.5	332693.0
21	21.5	330135.0
22	22.5	340713.0
23	23.5	317278.0
24	24.5	309193.0
25	25.5	297841.0
26	26.5	305154.0
27	27.5	316492.0
28	28.5	310133.0
29	29.5	275593.0
30	30.5	274878.0
31	31.5	285646.0
32	32.5	279120.0
33	33.5	276188.0
34	34.5	264587.0
35	35.5	271618.0
36	36.5	284679.0
37	37.5	271289.0
38	38.5	282011.0
39	39.5	268519.0
40	40.5	266086.0
41	41.5	253759.0
42	42.5	247335.0
43	43.5	247238.0
44	44.5	253156.0
45	45.5	250486.0
46	46.5	241313.0
47	47.5	240957.0
48	48.5	232497.0
49	49.5	233181.0
50	50.5	233022.0
51	51.5	237319.0
52	52.5	242631.0
53	53.5	211314.0
54	54.5	250405.0
55	55.5	222492.0
56	56.5	232158.0
57	57.5	225198.0
58	58.5	242827.0
59	59.5	213703.0
60	60.5	230007.0
61	61.5	226086.0
62	62.5	225044.0
63	63.5	228112.0
64	64.5	207994.0
65	65.5	222188.0
66	66.5	219470.0
67	67.5	204549.0
68	68.5	203148.0
69	69.5	217859.0
70	70.5	187697.0
71	71.5	208582.0
72	72.5	207924.0
73	73.5	199659.0
74	74.5	213241.0
75	75.5	191812.0
76	76.5	191162.0
77	77.5	195089.0
78	78.5	214573.0
79	79.5	201951.0
80	80.5	185865.0
81	81.5	200225.0
82	82.5	194277.0
83	83.5	202829.0
84	84.5	196370.0
85	85.5	181759.0
86	86.5	191287.0
87	87.5	175707.0
88	88.5	175852.0
89	89.5	189853.0
90	90.5	198303.0
91	91.5	183264.0
92	92.5	181047.0
93	93.5	185073.0
94	94.5	190069.0
95	95.5	189894.0
96	96.5	207088.0
97	97.5	201320.0
98	98.5	178655.0
99	99.5	186822.0
100	100.5	181957.0
101	101.5	156180.0
102	102.5	190970.0
103	103.5	193728.0
104	104.5	177776.0
105	105.5	221534.0
106	106.5	189477.0
107	107.5	183490.0
108	108.5	189796.0
109	109.5	167928.0
110	110.5	186664.0
111	111.5	188840.0
112	112.5	167523.0
113	113.5	167811.0
114	114.5	177829.0
115	115.5	182398.0
116	116.5	170972.0
117	117.5	185625.0
118	118.5	152234.0
119	119.5	192845.0
120	120.5	163815.0
121	121.5	180356.0
122	122.5	166087.0
123	123.5	163657.0
124	124.5	174663.0
125	125.5	174457.0
126	126.5	194666.0
127	127.5	179726.0
128	128.5	177914.0
129	129.5	180485.0
130	130.5	196933.0
131	131.5	175366.0
132	132.5	183191.0
133	133.5	196084.0
134	134.5	181829.0
135	135.5	179002.0
136	136.5	152020.0
137	137.5	149968.0
138	138.5	167235.0
139	139.5	157324.0
140	140.5	179966.0
141	141.5	169861.0
142	142.5	168314.0
143	143.5	175424.0
144	144.5	199681.0
145	145.5	164630.0
146	146.5	151232.0
147	147.5	177209.0
148	148.5	156154.0
149	149.5	116476.0
150	150.5	174194.0
151	151.5	162338.0
152	152.5	212993.0
153	153.5	144976.0
154	154.5	174103.0
155	155.5	157780.0
156	156.5	153975.0
157	157.5	158355.0
158	158.5	151788.0
159	159.5	145034.0
160	160.5	167246.0
161	161.5	174736.0
162	162.5	164915.0
163	163.5	135404.0
164	164.5	125774.0
165	165.5	146664.0
166	166.5	137083.0
167	167.5	151061.0
168	168.5	160323.0
169	169.5	162952.0
170	170.5	150985.0
171	171.5	172409.0
172	172.5	162066.0
173	173.5	165395.0
174	174.5	184017.0
175	175.5	140675.0
176	176.5	143744.0
177	177.5	158142.0
178	178.5	164251.0
179	179.5	148002.0
180	180.5	132844.0
181	181.5	153687.0
182	182.5	137998.0
183	183.5	167157.0
184	184.5	155631.0
185	185.5	159530.0
186	186.5	145136.0
187	187.5	155339.0
188	188.5	162632.0
189	189.5	152449.0
190	190.5	144597.0
191	191.5	168533.0
192	192.5	146575.0
193	193.5	161838.0
194	194.5	169337.0
195	195.5	176957.0
196	196.5	158547.0
197	197.5	158091.0
198	198.5	137081.0
199	199.5	147491.0
200	200.5	149767.0
201	201.5	170375.0
202	202.5	160519.0
203	203.5	127735.0
204	204.5	152410.0
205	205.5	154371.0
206	206.5	159827.0
207	207.5	167622.0
208	208.5	119981.0
209	209.5	140764.0
210	210.5	127187.0
211	211.5	171187.0
212	212.5	117090.0
213	213.5	156908.0
214	214.5	141205.0
215	215.5	136105.0
216	216.5	142313.0
217	217.5	139379.0
218	218.5	122018.0
219	219.5	141287.0
220	220.5	141157.0
221	221.5	138147.0
222	222.5	109592.0
223	223.5	180578.0
224	224.5	141811.0
225	225.5	166025.0
226	226.5	150655.0
227	227.5	144134.0
228	228.5	120299.0
229	229.5	172492.0
230	230.5	165502.0
231	231.5	144672.0
232	232.5	121388.0
233	233.5	131329.0
234	234.5	117346.0
235	235.5	107661.0
236	236.5	117112.0
237	237.5	154289.0
238	238.5	155307.0
239	239.5	122810.0
240	240.5	177806.0
241	241.5	166100.0
242	242.5	161360.0
243	243.5	119060.0
244	244.5	106436.0
245	245.5	111424.0
246	246.5	124137.0
247	247.5	124848.0
248	248.5	140411.0
249	249.5	176860.0
250	250.5	140119.0
251	251.5	171659.0
252	252.5	155767.0
253	253.5	147197.0
254	254.5	138032.0
255	255.5	140983.0
256	256.5	162753.0
257	257.5	150599.0
258	258.5	154236.0
259	259.5	134264.0
260	260.5	147518.0
261	261.5	126945.0
262	262.5	153031.0
263	263.5	152181.0
264	264.5	179706.0
265	265.5	126867.0
266	266.5	130094.0
267	267.5	205214.0
268	268.5	117709.0
269	269.5	147264.0
270	270.5	104329.0
271	271.5	153166.0
272	272.5	122968.0
273	273.5	108355.0
274	274.5	135441.0
275	275.5	151121.0
276	276.5	129359.0
277	277.5	141839.0
278	278.5	162067.0
279	279.5	133685.0
280	280.5	130598.0
281	281.5	106787.0
282	282.5	135556.0
283	283.5	153564.0
284	284.5	133018.0
285	285.5	143945.0
286	286.5	128145.0
287	287.5	128486.0
288	288.5	145520.0
289	289.5	161839.0
290	290.5	139335.0
291	291.5	128531.0
292	292.5	149509.0
293	293.5	116804.0
294	294.5	152379.0
295	295.5	115677.0
296	296.5	119535.0
297	297.5	117043.0
298	298.5	100698.0
299	299.5	141380.0
300	300.5	128457.0
301	301.5	117280.0
302	302.5	129597.0
303	303.5	148506.0
304	304.5	98450.0
305	305.5	128226.0
306	306.5	127712.0
307	307.5	123712.0
308	308.5	148496.0
309	309.5	125215.0
310	310.5	98172.0
311	311.5	151707.0
312	312.5	140321.0
313	313.5	136701.0
314	314.5	127919.0
315	315.5	142264.0
316	316.5	149348.0
317	317.5	147614.0
318	318.5	126916.0
319	319.5	222739.0
320	320.5	93576.0
321	321.5	127883.0
322	322.5	148158.0
323	323.5	121597.0
324	324.5	137838.0
325	325.5	155407.0
326	326.5	119335.0
327	327.5	117194.0
328	328.5	119166.0
329	329.5	118594.0
330	330.5	121586.0
331	331.5	105137.0
332	332.5	97488.0
333	333.5	128282.0
334	334.5	118179.0
335	335.5	111008.0
336	336.5	110946.0
337	337.5	138077.0
338	338.5	108096.0
339	339.5	102803.0
340	340.5	98839.0
341	341.5	96489.0
342	342.5	119880.0
343	343.5	79145.0
344	344.5	122236.0
345	345.5	98965.0
346	346.5	121204.0
347	347.5	137816.0
348	348.5	118931.0
349	349.5	129415.0
350	350.5	98701.0
351	351.5	124939.0
352	352.5	144565.0
353	353.5	115516.0
354	354.5	113253.0
355	355.5	117861.0
356	356.5	97585.0
357	357.5	120773.0
358	358.5	196448.0
359	359.5	142670.0
360	360.5	124011.0
361	361.5	120734.0
362	362.5	136154.0
363	363.5	118362.0
364	364.5	97301.0
365	365.5	156316.0
366	366.5	126639.0
367	367.5	99729.0
368	368.5	107503.0
369	369.5	132516.0
370	370.5	109360.0
371	371.5	150984.0
372	372.5	98085.0
373	373.5	153360.0
374	374.5	141403.0
375	375.5	141528.0
376	376.5	127856.0
377	377.5	112681.0
378	378.5	102245.0
379	379.5	94633.0
380	380.5	102519.0
381	381.5	120853.0
382	382.5	124671.0
383	383.5	96404.0
384	384.5	110535.0
385	385.5	84469.0
386	386.5	98342.0
387	387.5	147051.0
388	388.5	102310.0
389	389.5	147083.0
390	390.5	122614.0
391	391.5	125952.0
392	392.5	88000.0
393	393.5	123642.0
394	394.5	113242.0
395	395.5	150467.0
396	396.5	103053.0
397	397.5	115931.0
398	398.5	122744.0
399	399.5	105429.0
400	400.5	77232.0
401	401.5	105653.0
402	402.5	107262.0
403	403.5	134199.0
404	404.5	138688.0
405	405.5	115080.0
406	406.5	90185.0
407	407.5	67037.0
408	408.5	92671.0
409	409.5	103633.0
410	410.5	86449.0
411	411.5	115597.0
412	412.5	130884.0
413	413.5	99567.0
414	414.5	103026.0
415	415.5	98701.0
416	416.5	126173.0
417	417.5	110437.0
418	418.5	147220.0
419	419.5	105490.0
420	420.5	76555.0
421	421.5	103375.0
422	422.5	109723.0
423	423.5	91520.0
424	424.5	100911.0
425	425.5	89467.0
426	426.5	99197.0
427	427.5	77998.0
428	428.5	140899.0
429	429.5	84262.0
430	430.5	77277.0
431	431.5	111080.0
432	432.5	93256.0
433	433.5	100029.0
434	434.5	63539.0
435	435.5	113380.0
436	436.5	158394.0
437	437.5	132136.0
438	438.5	100330.0
439	439.5	111677.0
440	440.5	135817.0
441	441.5	101483.0
442	442.5	112528.0
443	443.5	131718.0
444	444.5	121454.0
445	445.5	112203.0
446	446.5	118288.0
447	447.5	149223.0
448	448.5	104702.0
449	449.5	99281.0
450	450.5	128253.0
451	451.5	139632.0
452	452.5	140264.0
453	453.5	166044.0
454	454.5	124879.0
455	455.5	132956.0
456	456.5	156433.0
457	457.5	116921.0
458	458.5	78877.0
459	459.5	72293.0
460	460.5	111853.0
461	461.5	77663.0
462	462.5	133900.0
463	463.5	134412.0
464	464.5	120693.0
465	465.5	90991.0
466	466.5	81186.0
467	467.5	124099.0
468	468.5	134992.0
469	469.5	118664.0
470	470.5	111272.0
471	471.5	131142.0
472	472.5	148455.0
473	473.5	122706.0
474	474.5	85108.0
475	475.5	110424.0
476	476.5	139481.0
477	477.5	98735.0
478	478.5	102382.0
479	479.5	72202.0
480	480.5	79715.0
481	481.5	109439.0
482	482.5	91240.0
483	483.5	92324.0
484	484.5	115979.0
485	485.5	112741.0
486	486.5	118049.0
487	487.5	96955.0
488	488.5	88081.0
489	489.5	69987.0
490	490.5	153736.0
491	491.5	83111.0
492	492.5	90684.0
493	493.5	124639.0
494	494.5	97589.0
495	495.5	92467.0
496	496.5	88939.0
497	497.5	76404.0
498	498.5	133968.0
499	499.5	85157.0
500	500.5	158767.0
501	501.5	87549.0
502	502.5	93022.0
503	503.5	114414.0
504	504.5	81483.0
505	505.5	127064.0
506	506.5	70277.0
507	507.5	131603.0
508	508.5	119433.0
509	509.5	58741.0
510	510.5	114889.0
511	511.5	105477.0
512	512.5	86601.0
513	513.5	83530.0
514	514.5	74973.0
515	515.5	115045.0
516	516.5	110067.0
517	517.5	69417.0
518	518.5	153108.0
519	519.5	68024.0
520	520.5	73597.0
521	521.5	69254.0
522	522.5	125356.0
523	523.5	79579.0
524	524.5	117656.0
525	525.5	88376.0
526	526.5	113930.0
527	527.5	91843.0
528	528.5	75043.0
529	529.5	98470.0
530	530.5	92087.0
531	531.5	85932.0
532	532.5	63760.0
533	533.5	92426.0
534	534.5	121559.0
535	535.5	126265.0
536	536.5	58583.0
537	537.5	107104.0
538	538.5	108945.0
539	539.5	69805.0
540	540.5	145984.0
541	541.5	58238.0
542	542.5	133225.0
543	543.5	95209.0
544	544.5	127779.0
545	545.5	148483.0
546	546.5	99976.0
547	547.5	109562.0
548	548.5	180773.0
549	549.5	112918.0
550	550.5	92631.0
551	551.5	64002.0
552	552.5	89053.0
553	553.5	215786.0
554	554.5	141384.0
555	555.5	131264.0
556	556.5	107126.0
557	557.5	151897.0
558	558.5	55986.0
559	559.5	76607.0
560	560.5	69323.0
561	561.5	51320.0
562	562.5	83311.0
563	563.5	120354.0
564	564.5	58247.0
565	565.5	98309.0
566	566.5	133745.0
567	567.5	98243.0
568	568.5	116580.0
569	569.5	66714.0
570	570.5	91005.0
571	571.5	77643.0
572	572.5	127175.0
573	573.5	148720.0
574	574.5	78719.0
575	575.5	133620.0
576	576.5	138710.0
577	577.5	88435.0
578	578.5	104921.0
579	579.5	117794.0
580	580.5	55610.0
581	581.5	98864.0
582	582.5	109641.0
583	583.5	115354.0
584	584.5	131255.0
585	585.5	79710.0
586	586.5	101466.0
587	587.5	101505.0
588	588.5	127805.0
589	589.5	93817.0
590	590.5	138852.0
591	591.5	122807.0
592	592.5	63243.0
593	593.5	95138.0
594	594.5	119651.0
595	595.5	72974.0
596	596.5	86150.0
597	597.5	78885.0
598	598.5	102274.0
599	599.5	133185.0
600	600.5	126349.0
601	601.5	118594.0
602	602.5	96971.0
603	603.5	111641.0
604	604.5	77808.0
605	605.5	117865.0
606	606.5	125708.0
607	607.5	101081.0
608	608.5	67482.0
609	609.5	50418.0
610	610.5	78785.0
611	611.5	75468.0
612	612.5	78614.0
613	613.5	102332.0
614	614.5	85997.0
615	615.5	101394.0
616	616.5	81025.0
617	617.5	80755.0
618	618.5	66928.0
619	619.5	101258.0
620	620.5	73718.0
621	621.5	70318.0
622	622.5	100448.0
623	623.5	142111.0
624	624.5	86831.0
625	625.5	112011.0
626	626.5	39169.0
627	627.5	60678.0
628	628.5	88518.0
629	629.5	94548.0
630	630.5	71954.0
631	631.5	121918.0
632	632.5	84334.0
633	633.5	76345.0
634	634.5	51768.0
635	635.5	57253.0
636	636.5	64439.0
637	637.5	53791.0
638	638.5	95967.0
639	639.5	88029.0
640	640.5	111432.0
641	641.5	30746.0
642	642.5	75874.0
643	643.5	80861.0
644	644.5	86442.0
645	645.5	94926.0
646	646.5	52375.0
647	647.5	98389.0
648	648.5	109418.0
649	649.5	84548.0
650	650.5	104257.0
651	651.5	135298.0
652	652.5	97683.0
653	653.5	171140.0
654	654.5	99309.0
655	655.5	23399.0
656	656.5	59505.0
657	657.5	53541.0
658	658.5	174624.0
659	659.5	75985.0
660	660.5	66689.0
661	661.5	89314.0
662	662.5	61011.0
663	663.5	58887.0
664	664.5	107082.0
665	665.5	119697.0
666	666.5	131945.0
667	667.5	102155.0
668	668.5	68433.0
669	669.5	103889.0
670	670.5	99498.0
671	671.5	176086.0
672	672.5	72502.0
673	673.5	90246.0
674	674.5	107153.0
675	675.5	100728.0
676	676.5	73785.0
677	677.5	91093.0
678	678.5	74397.0
679	679.5	98254.0
680	680.5	75764.0
681	681.5	69542.0
682	682.5	24953.0
683	683.5	123899.0
684	684.5	100437.0
685	685.5	91286.0
686	686.5	116913.0
687	687.5	60159.0
688	688.5	61724.0
689	689.5	94414.0
690	690.5	9351.0
691	691.5	62633.0
692	692.5	140304.0
693	693.5	63240.0
694	694.5	87722.0
695	695.5	84086.0
696	696.5	115393.0
697	697.5	101912.0
698	698.5	44645.0
699	699.5	139437.0
700	700.5	101047.0
701	701.5	79360.0
702	702.5	66094.0
703	703.5	76284.0
704	704.5	56978.0
705	705.5	59578.0
706	706.5	99598.0
707	707.5	58239.0
708	708.5	87491.0
709	709.5	51703.0
710	710.5	78600.0
711	711.5	46304.0
712	712.5	99929.0
713	713.5	95276.0
714	714.5	90261.0
715	715.5	83206.0
716	716.5	114441.0
717	717.5	39830.0
718	718.5	72744.0
719	719.5	123116.0
720	720.5	79554.0
721	721.5	52344.0
722	722.5	114461.0
723	723.5	54580.0
724	724.5	95678.0
725	725.5	154018.0
726	726.5	79038.0
727	727.5	116303.0
728	728.5	57084.0
729	729.5	58156.0
730	730.5	38885.0
731	731.5	99733.0
732	732.5	68450.0
733	733.5	56652.0
734	734.5	132822.0
735	735.5	61726.0
736	736.5	78621.0
737	737.5	95884.0
738	738.5	113060.0
739	739.5	81786.0
740	740.5	103117.0
741	741.5	65828.0
742	742.5	81999.0
743	743.5	129101.0
744	744.5	61579.0
745	745.5	96405.0
746	746.5	92124.0
747	747.5	31215.0
748	748.5	61991.0
749	749.5	73548.0
750	750.5	104428.0
751	751.5	67038.0
752	752.5	50228.0
753	753.5	90607.0
754	754.5	95981.0
755	755.5	56960.0
756	756.5	98803.0
757	757.5	57699.0
758	758.5	39607.0
759	759.5	30842.0
760	760.5	108048.0
761	761.5	65941.0
762	762.5	95244.0
763	763.5	109507.0
764	764.5	55938.0
765	765.5	48198.0
766	766.5	101942.0
767	767.5	95471.0
768	768.5	67104.0
769	769.5	101683.0
770	770.5	93873.0
771	771.5	83007.0
772	772.5	105120.0
773	773.5	68752.0
774	774.5	70811.0
775	775.5	83117.0
776	776.5	127802.0
777	777.5	117373.0
778	778.5	69330.0
779	779.5	88594.0
780	780.5	42975.0
781	781.5	93840.0
782	782.5	67425.0
783	783.5	127575.0
784	784.5	76163.0
785	785.5	31631.0
786	786.5	107804.0
787	787.5	104136.0
788	788.5	99804.0
789	789.5	62614.0
790	790.5	70233.0
791	791.5	40808.0
792	792.5	76998.0
793	793.5	70342.0
794	794.5	81470.0
795	795.5	56647.0
796	796.5	20422.0
797	797.5	90536.0
798	798.5	62492.0
799	799.5	138679.0
800	800.5	39181.0
801	801.5	71206.0
802	802.5	55789.0
803	803.5	124558.0
804	804.5	53658.0
805	805.5	65885.0
806	806.5	102797.0
807	807.5	63941.0
808	808.5	116827.0
809	809.5	121474.0
810	810.5	62852.0
811	811.5	52597.0
812	812.5	102092.0
813	813.5	107277.0
814	814.5	61980.0
815	815.5	102239.0
816	816.5	51049.0
817	817.5	34126.0
818	818.5	63656.0
819	819.5	111615.0
820	820.5	57391.0
821	821.5	34444.0
822	822.5	44409.0
823	823.5	95489.0
824	824.5	133680.0
825	825.5	76418.0
826	826.5	84679.0
827	827.5	45650.0
828	828.5	56622.0
829	829.5	60419.0
830	830.5	58131.0
831	831.5	81499.0
832	832.5	84438.0
833	833.5	37408.0
834	834.5	94113.0
835	835.5	103021.0
836	836.5	111423.0
837	837.5	98793.0
838	838.5	56445.0
839	839.5	33232.0
840	840.5	76581.0
841	841.5	130919.0
842	842.5	74041.0
843	843.5	109991.0
844	844.5	77241.0
845	845.5	124637.0
846	846.5	10687.0
847	847.5	86582.0
848	848.5	23046.0
849	849.5	78491.0
850	850.5	10868.0
851	851.5	61548.0
852	852.5	96473.0
853	853.5	68859.0
854	854.5	77944.0
855	855.5	48299.0
856	856.5	52472.0
857	857.5	56018.0
858	858.5	79135.0
859	859.5	20874.0
860	860.5	107264.0
861	861.5	105496.0
862	862.5	120711.0
863	863.5	96739.0
864	864.5	94620.0
865	865.5	70412.0
866	866.5	103047.0
867	867.5	31163.0
868	868.5	67414.0
869	869.5	81864.0
870	870.5	134996.0
871	871.5	102682.0
872	872.5	115053.0
873	873.5	118786.0
874	874.5	68309.0
875	875.5	46857.0
876	876.5	78999.0
877	877.5	85898.0
878	878.5	12350.0
879	879.5	117728.0
880	880.5	87500.0
881	881.5	188696.0
882	882.5	33893.0
883	883.5	50921.0
884	884.5	58319.0
885	885.5	58238.0
886	886.5	67507.0
887	887.5	136371.0
888	888.5	100383.0
889	889.5	214305.0
890	890.5	100512.0
891	891.5	94626.0
892	892.5	74898.0
893	893.5	151969.0
894	894.5	62852.0
895	895.5	30722.0
896	896.5	55196.0
897	897.5	94696.0
898	898.5	173561.0
899	899.5	42654.0
900	900.5	30700.0
901	901.5	130323.0
902	902.5	122637.0
903	903.5	143177.0
904	904.5	89928.0
905	905.5	76005.0
906	906.5	52282.0
907	907.5	56747.0
908	908.5	78513.0
909	909.5	65000.0
910	910.5	56434.0
911	911.5	75057.0
912	912.5	75261.0
913	913.5	76325.0
914	914.5	81732.0
915	915.5	69824.0
916	916.5	112142.0
917	917.5	99045.0
918	918.5	19364.0
919	919.5	70151.0
920	920.5	69693.0
921	921.5	28441.0
922	922.5	113786.0
923	923.5	91047.0
924	924.5	75815.0
925	925.5	132702.0
926	926.5	75878.0
927	927.5	102657.0
928	928.5	57686.0
929	929.5	72189.0
930	930.5	138867.0
931	931.5	102662.0
932	932.5	139038.0
933	933.5	92869.0
934	934.5	120364.0
935	935.5	84765.0
936	936.5	95124.0
937	937.5	80324.0
938	938.5	52928.0
939	939.5	48249.0
940	940.5	84022.0
941	941.5	57709.0
942	942.5	41514.0
943	943.5	144692.0
944	944.5	97901.0
945	945.5	39977.0
946	946.5	79207.0
947	947.5	88458.0
948	948.5	84576.0
949	949.5	41081.0
950	950.5	26335.0
951	951.5	35756.0
952	952.5	57050.0
953	953.5	117909.0
954	954.5	52745.0
955	955.5	52782.0
956	956.5	63848.0
957	957.5	24247.0
958	958.5	116016.0
959	959.5	93798.0
960	960.5	89189.0
961	961.5	115767.0
962	962.5	71353.0
963	963.5	59895.0
964	964.5	70246.0
965	965.5	61082.0
966	966.5	39390.0
967	967.5	78521.0
968	968.5	39379.0
969	969.5	29121.0
970	970.5	80902.0
971	971.5	85569.0
972	972.5	44060.0
973	973.5	27762.0
974	974.5	55386.0
975	975.5	46912.0
976	976.5	82706.0
977	977.5	105445.0
978	978.5	51985.0
979	979.5	36703.0
980	980.5	61903.0
981	981.5	67919.0
982	982.5	51720.0
983	983.5	24528.0
984	984.5	25207.0
985	985.5	122374.0
986	986.5	55103.0
987	987.5	23353.0
988	988.5	84247.0
989	989.5	80985.0
990	990.5	55057.0
991	991.5	84819.0
992	992.5	40121.0
993	993.5	68762.0
994	994.5	66198.0
995	995.5	53072.0
996	996.5	62683.0
997	997.5	57259.0
998	998.5	14902.0
999	999.5	30559.0
1000	1000.5	86695.0
1001	1001.5	129238.0
1002	1002.5	39631.0
1003	1003.5	77953.0
1004	1004.5	15744.0
1005	1005.5	137068.0
1006	1006.5	57763.0
1007	1007.5	48042.0
1008	1008.5	81733.0
1009	1009.5	101996.0
1010	1010.5	74198.0
1011	1011.5	66301.0
1012	1012.5	13537.0
1013	1013.5	92767.0
1014	1014.5	42176.0
1015	1015.5	70108.0
1016	1016.5	50795.0
1017	1017.5	58855.0
1018	1018.5	104293.0
1019	1019.5	37224.0
1020	1020.5	51793.0
1021	1021.5	73933.0
1022	1022.5	56637.0
1023	1023.5	29146.0
1024	1024.5	28392.0
1025	1025.5	15201.0
1026	1026.5	69617.0
1027	1027.5	99962.0
1028	1028.5	122131.0
1029	1029.5	81803.0
1030	1030.5	75443.0
1031	1031.5	55895.0
1032	1032.5	48055.0
1033	1033.5	115814.0
1034	1034.5	68856.0
1035	1035.5	29012.0
1036	1036.5	112520.0
1037	1037.5	143825.0
1038	1038.5	57025.0
1039	1039.5	74989.0
1040	1040.5	121794.0
1041	1041.5	123230.0
1042	1042.5	179384.0
1043	1043.5	29609.0
1044	1044.5	105610.0
1045	1045.5	46131.0
1046	1046.5	17166.0
1047	1047.5	48749.0
1048	1048.5	100512.0
1049	1049.5	29848.0
1050	1050.5	36360.0
1051	1051.5	56783.0
1052	1052.5	40062.0
1053	1053.5	42830.0
1054	1054.5	70176.0
1055	1055.5	139203.0
1056	1056.5	114396.0
1057	1057.5	58860.0
1058	1058.5	74713.0
1059	1059.5	44229.0
1060	1060.5	47770.0
1061	1061.5	132589.0
1062	1062.5	95387.0
1063	1063.5	89608.0
1064	1064.5	108264.0
1065	1065.5	75361.0
1066	1066.5	47135.0
1067	1067.5	36022.0
1068	1068.5	55123.0
1069	1069.5	86043.0
1070	1070.5	44556.0
1071	1071.5	58899.0
1072	1072.5	65773.0
1073	1073.5	29518.0
1074	1074.5	58554.0
1075	1075.5	47820.0
1076	1076.5	78705.0
1077	1077.5	106179.0
1078	1078.5	59133.0
1079	1079.5	65550.0
1080	1080.5	101927.0
1081	1081.5	28249.0
1082	1082.5	77660.0
1083	1083.5	112101.0
1084	1084.5	60746.0
1085	1085.5	75835.0
1086	1086.5	80855.0
1087	1087.5	27302.0
1088	1088.5	54857.0
1089	1089.5	77187.0
1090	1090.5	83676.0
1091	1091.5	73012.0
1092	1092.5	100278.0
1093	1093.5	78137.0
1094	1094.5	66214.0
1095	1095.5	33883.0
1096	1096.5	78526.0
1097	1097.5	94856.0
1098	1098.5	82047.0
1099	1099.5	86703.0
1100	1100.5	65623.0
1101	1101.5	97299.0
1102	1102.5	75763.0
1103	1103.5	56608.0
1104	1104.5	31930.0
1105	1105.5	116537.0
1106	1106.5	77575.0
1107	1107.5	130882.0
1108	1108.5	81063.0
1109	1109.5	93745.0
1110	1110.5	30411.0
1111	1111.5	78821.0
1112	1112.5	30614.0
1113	1113.5	34506.0
1114	1114.5	33173.0
1115	1115.5	104386.0
1116	1116.5	78872.0
1117	1117.5	16279.0
1118	1118.5	66964.0
1119	1119.5	75127.0
1120	1120.5	69299.0
1121	1121.5	89427.0
1122	1122.5	67319.0
1123	1123.5	74749.0
1124	1124.5	32561.0
1125	1125.5	33658.0
1126	1126.5	72144.0
1127	1127.5	86504.0
1128	1128.5	97120.0
1129	1129.5	178981.0
1130	1130.5	74840.0
1131	1131.5	0
1132	1132.5	92738.0
1133	1133.5	29920.0
1134	1134.5	71619.0
1135	1135.5	126057.0
1136	1136.5	78070.0
1137	1137.5	51978.0
1138	1138.5	122309.0
1139	1139.5	23705.0
1140	1140.5	62025.0
1141	1141.5	38174.0
1142	1142.5	68181.0
1143	1143.5	34776.0
1144	1144.5	104316.0
1145	1145.5	77233.0
1146	1146.5	76491.0
1147	1147.5	38383.0
1148	1148.5	47650.0
1149	1149.5	74301.0
1150	1150.5	113524.0
1151	1151.5	20245.0
1152	1152.5	133506.0
1153	1153.5	19011.0
1154	1154.5	50392.0
1155	1155.5	66071.0
1156	1156.5	101718.0
1157	1157.5	99592.0
1158	1158.5	54019.0
1159	1159.5	30951.0
1160	1160.5	27953.0
1161	1161.5	70029.0
1162	1162.5	92446.0
1163	1163.5	78942.0
1164	1164.5	32615.0
1165	1165.5	78842.0
1166	1166.5	88794.0
1167	1167.5	49731.0
1168	1168.5	76221.0
1169	1169.5	99993.0
1170	1170.5	153974.0
1171	1171.5	41639.0
1172	1172.5	113958.0
1173	1173.5	142987.0
1174	1174.5	37525.0
1175	1175.5	73056.0
1176	1176.5	47143.0
1177	1177.5	34083.0
1178	1178.5	29970.0
1179	1179.5	92522.0
1180	1180.5	53373.0
1181	1181.5	67494.0
1182	1182.5	54145.0
1183	1183.5	19141.0
1184	1184.5	123269.0
1185	1185.5	56161.0
1186	1186.5	74665.0
1187	1187.5	77243.0
1188	1188.5	53083.0
1189	1189.5	72058.0
1190	1190.5	36023.0
1191	1191.5	127974.0
1192	1192.5	52617.0
1193	1193.5	54261.0
1194	1194.5	24883.0
1195	1195.5	58714.0
1196	1196.5	20083.0
1197	1197.5	34517.0
1198	1198.5	17470.0
1199	1199.5	56339.0
1200	1200.5	57846.0
1201	1201.5	33224.0
1202	1202.5	19075.0
1203	1203.5	142664.0
1204	1204.5	87911.0
1205	1205.5	37596.0
1206	1206.5	43543.0
1207	1207.5	94107.0
1208	1208.5	65185.0
1209	1209.5	75123.0
1210	1210.5	82397.0
1211	1211.5	56697.0
1212	1212.5	104683.0
1213	1213.5	149870.0
1214	1214.5	69561.0
1215	1215.5	73361.0
1216	1216.5	65762.0
1217	1217.5	74098.0
1218	1218.5	68786.0
1219	1219.5	103245.0
1220	1220.5	34415.0
1221	1221.5	43327.0
1222	1222.5	44681.0
1223	1223.5	0
1224	1224.5	35134.0
1225	1225.5	103093.0
1226	1226.5	46840.0
1227	1227.5	130378.0
1228	1228.5	37173.0
1229	1229.5	73235.0
1230	1230.5	57743.0
1231	1231.5	33589.0
1232	1232.5	72467.0
1233	1233.5	89107.0
1234	1234.5	60069.0
1235	1235.5	96863.0
1236	1236.5	64560.0
1237	1237.5	47335.0
1238	1238.5	66012.0
1239	1239.5	75654.0
1240	1240.5	80804.0
1241	1241.5	75973.0
1242	1242.5	69050.0
1243	1243.5	56774.0
1244	1244.5	33502.0
1245	1245.5	67549.0
1246	1246.5	83268.0
1247	1247.5	45217.0
1248	1248.5	59058.0
1249	1249.5	168861.0
1250	1250.5	15254.0
1251	1251.5	116607.0
1252	1252.5	61094.0
1253	1253.5	0
1254	1254.5	44750.0
1255	1255.5	78339.0
1256	1256.5	0
1257	1257.5	70487.0
1258	1258.5	91402.0
1259	1259.5	0
1260	1260.5	0
1261	1261.5	0
1262	1262.5	126589.0
1263	1263.5	65082.0
1264	1264.5	39008.0
1265	1265.5	81561.0
1266	1266.5	35200.0
1267	1267.5	145401.0
1268	1268.5	60227.0
1269	1269.5	94760.0
1270	1270.5	18870.0
1271	1271.5	48281.0
1272	1272.5	0
1273	1273.5	25824.0
1274	1274.5	62833.0
1275	1275.5	107735.0
1276	1276.5	71249.0
1277	1277.5	0
1278	1278.5	0
1279	1279.5	79317.0
1280	1280.5	61541.0
1281	1281.5	37143.0
1282	1282.5	85039.0
1283	1283.5	0
1284	1284.5	57171.0
1285	1285.5	18359.0
1286	1286.5	45910.0
1287	1287.5	0
1288	1288.5	0
1289	1289.5	111986.0
1290	1290.5	89514.0
1291	1291.5	23759.0
1292	1292.5	40701.0
1293	1293.5	46020.0
1294	1294.5	37520.0
1295	1295.5	100103.0
1296	1296.5	83842.0
1297	1297.5	0
1298	1298.5	25921.0
1299	1299.5	25593.0
1300	1300.5	16031.0
1301	1301.5	47885.0
1302	1302.5	127329.0
1303	1303.5	130191.0
1304	1304.5	77556.0
1305	1305.5	66566.0
1306	1306.5	95833.0
1307	1307.5	87005.0
1308	1308.5	80043.0
1309	1309.5	104481.0
1310	1310.5	45153.0
1311	1311.5	26005.0
1312	1312.5	84622.0
1313	1313.5	80808.0
1314	1314.5	41402.0
1315	1315.5	25727.0
1316	1316.5	0
1317	1317.5	78815.0
1318	1318.5	0
1319	1319.5	66411.0
1320	1320.5	43735.0
1321	1321.5	0
1322	1322.5	14703.0
1323	1323.5	14719.0
1324	1324.5	142023.0
1325	1325.5	89025.0
1326	1326.5	64618.0
1327	1327.5	144653.0
1328	1328.5	98142.0
1329	1329.5	80875.0
1330	1330.5	0
1331	1331.5	19615.0
1332	1332.5	90650.0
1333	1333.5	0
1334	1334.5	21800.0
1335	1335.5	142819.0
1336	1336.5	61909.0
1337	1337.5	42191.0
1338	1338.5	89845.0
1339	1339.5	112621.0
1340	1340.5	53064.0
1341	1341.5	20335.0
1342	1342.5	93547.0
1343	1343.5	24179.0
1344	1344.5	0
1345	1345.5	0
1346	1346.5	112141.0
1347	1347.5	58878.0
1348	1348.5	88317.0
1349	1349.5	0
1350	1350.5	42486.0
1351	1351.5	15384.0
1352	1352.5	74959.0
1353	1353.5	0
1354	1354.5	51285.0
1355	1355.5	126051.0
1356	1356.5	61219.0
1357	1357.5	0
1358	1358.5	60237.0
1359	1359.5	56010.0
1360	1360.5	40788.0
1361	1361.5	64574.0
1362	1362.5	44133.0
1363	1363.5	198243.0
1364	1364.5	43175.0
1365	1365.5	32616.0
1366	1366.5	53545.0
1367	1367.5	113246.0
1368	1368.5	35604.0
1369	1369.5	65193.0
1370	1370.5	66454.0
1371	1371.5	84793.0
1372	1372.5	59015.0
1373	1373.5	52344.0
1374	1374.5	103884.0
1375	1375.5	110856.0
1376	1376.5	0
1377	1377.5	41617.0
1378	1378.5	36684.0
1379	1379.5	19601.0
1380	1380.5	0
1381	1381.5	37925.0
1382	1382.5	45877.0
1383	1383.5	20827.0
1384	1384.5	16430.0
1385	1385.5	89061.0
1386	1386.5	75959.0
1387	1387.5	47503.0
1388	1388.5	39889.0
1389	1389.5	42236.0
1390	1390.5	0
1391	1391.5	81717.0
1392	1392.5	78791.0
1393	1393.5	74652.0
1394	1394.5	132093.0
1395	1395.5	66115.0
1396	1396.5	18093.0
1397	1397.5	66034.0
1398	1398.5	44429.0
1399	1399.5	0
1400	1400.5	27106.0
1401	1401.5	55139.0
1402	1402.5	25822.0
1403	1403.5	48214.0
1404	1404.5	20760.0
1405	1405.5	22028.0
1406	1406.5	90306.0
1407	1407.5	22939.0
1408	1408.5	0
1409	1409.5	42652.0
1410	1410.5	17889.0
1411	1411.5	86326.0
1412	1412.5	49810.0
1413	1413.5	31840.0
1414	1414.5	0
1415	1415.5	41597.0
1416	1416.5	44057.0
1417	1417.5	43879.0
1418	1418.5	70766.0
1419	1419.5	112100.0
1420	1420.5	45747.0
1421	1421.5	111511.0
1422	1422.5	25478.0
1423	1423.5	45253.0
1424	1424.5	26604.0
1425	1425.5	109757.0
1426	1426.5	144020.0
1427	1427.5	52622.0
1428	1428.5	57778.0
1429	1429.5	0
1430	1430.5	20413.0
1431	1431.5	74002.0
1432	1432.5	94245.0
1433	1433.5	48371.0
1434	1434.5	0
1435	1435.5	123456.0
1436	1436.5	183511.0
1437	1437.5	0
1438	1438.5	63593.0
1439	1439.5	0
1440	1440.5	15983.0
1441	1441.5	83931.0
1442	1442.5	0
1443	1443.5	34190.0
1444	1444.5	25441.0
1445	1445.5	96755.0
1446	1446.5	100769.0
1447	1447.5	71058.0
1448	1448.5	19539.0
1449	1449.5	34799.0
1450	1450.5	55536.0
1451	1451.5	69134.0
1452	1452.5	156131.0
1453	1453.5	101795.0
1454	1454.5	32096.0
1455	1455.5	85702.0
1456	1456.5	23116.0
1457	1457.5	0
1458	1458.5	68791.0
1459	1459.5	44125.0
1460	1460.5	41424.0
1461	1461.5	74240.0
1462	1462.5	79599.0
1463	1463.5	31483.0
1464	1464.5	0
1465	1465.5	21687.0
1466	1466.5	52794.0
1467	1467.5	101157.0
1468	1468.5	22148.0
1469	1469.5	77729.0
1470	1470.5	133444.0
1471	1471.5	0
1472	1472.5	139519.0
1473	1473.5	61653.0
1474	1474.5	45272.0
1475	1475.5	0
1476	1476.5	26347.0
1477	1477.5	148624.0
1478	1478.5	91788.0
1479	1479.5	79223.0
1480	1480.5	109653.0
1481	1481.5	115284.0
1482	1482.5	93533.0
1483	1483.5	79377.0
1484	1484.5	54724.0
1485	1485.5	115268.0
1486	1486.5	26081.0
1487	1487.5	77311.0
1488	1488.5	51236.0
1489	1489.5	72302.0
1490	1490.5	45404.0
1491	1491.5	20023.0
1492	1492.5	0
1493	1493.5	94536.0
1494	1494.5	90827.0
1495	1495.5	79926.0
1496	1496.5	68710.0
1497	1497.5	50631.0
1498	1498.5	27601.0
1499	1499.5	0
1500	1500.5	97169.0
1501	1501.5	24645.0
1502	1502.5	106096.0
1503	1503.5	28035.0
1504	1504.5	54414.0
1505	1505.5	70740.0
1506	1506.5	75951.0
1507	1507.5	63246.0
1508	1508.5	57555.0
1509	1509.5	21492.0
1510	1510.5	69367.0
1511	1511.5	99203.0
1512	1512.5	17873.0
1513	1513.5	46919.0
1514	1514.5	107286.0
1515	1515.5	46620.0
1516	1516.5	44811.0
1517	1517.5	0
1518	1518.5	25619.0
1519	1519.5	20953.0
1520	1520.5	25700.0
1521	1521.5	82264.0
1522	1522.5	0
1523	1523.5	46110.0
1524	1524.5	0
1525	1525.5	55045.0
1526	1526.5	82969.0
1527	1527.5	102807.0
1528	1528.5	81594.0
1529	1529.5	77504.0
1530	1530.5	0
1531	1531.5	177231.0
1532	1532.5	35304.0
1533	1533.5	20209.0
1534	1534.5	26294.0
1535	1535.5	125538.0
1536	1536.5	119578.0
1537	1537.5	74377.0
1538	1538.5	43043.0
1539	1539.5	126767.0
1540	1540.5	123762.0
1541	1541.5	70212.0
1542	1542.5	49685.0
1543	1543.5	55933.0
1544	1544.5	139790.0
1545	1545.5	42254.0
1546	1546.5	54844.0
1547	1547.5	115292.0
1548	1548.5	26594.0
1549	1549.5	46566.0
1550	1550.5	26653.0
1551	1551.5	25497.0
1552	1552.5	118062.0
1553	1553.5	0
1554	1554.5	84209.0
1555	1555.5	30202.0
1556	1556.5	31992.0
1557	1557.5	25477.0
1558	1558.5	49561.0
1559	1559.5	29647.0
1560	1560.5	70094.0
1561	1561.5	71852.0
1562	1562.5	49629.0
1563	1563.5	139070.0
1564	1564.5	111790.0
1565	1565.5	25942.0
1566	1566.5	73950.0
1567	1567.5	27145.0
1568	1568.5	71554.0
1569	1569.5	117153.0
1570	1570.5	22122.0
1571	1571.5	67121.0
1572	1572.5	70404.0
1573	1573.5	0
1574	1574.5	21519.0
1575	1575.5	85781.0
1576	1576.5	23719.0
1577	1577.5	25599.0
1578	1578.5	105035.0
1579	1579.5	58205.0
1580	1580.5	158746.0
1581	1581.5	25668.0
1582	1582.5	183185.0
1583	1583.5	0
1584	1584.5	26116.0
1585	1585.5	97607.0
1586	1586.5	34203.0
1587	1587.5	57999.0
1588	1588.5	49592.0
1589	1589.5	126889.0
1590	1590.5	64706.0
1591	1591.5	55728.0
1592	1592.5	28563.0
1593	1593.5	0
1594	1594.5	56692.0
1595	1595.5	102939.0
1596	1596.5	25763.0
1597	1597.5	113374.0
1598	1598.5	69252.0
1599	1599.5	23801.0
1600	1600.5	50646.0
1601	1601.5	96511.0
1602	1602.5	148800.0
1603	1603.5	121810.0
1604	1604.5	71472.0
1605	1605.5	29708.0
1606	1606.5	101076.0
1607	1607.5	100350.0
1608	1608.5	131601.0
1609	1609.5	49473.0
1610	1610.5	27505.0
1611	1611.5	25635.0
1612	1612.5	22910.0
1613	1613.5	36648.0
1614	1614.5	79453.0
1615	1615.5	99432.0
1616	1616.5	23278.0
1617	1617.5	27273.0
1618	1618.5	25453.0
1619	1619.5	77219.0
1620	1620.5	27502.0
1621	1621.5	54500.0
1622	1622.5	0
1623	1623.5	0
1624	1624.5	0
1625	1625.5	80161.0
1626	1626.5	36885.0
1627	1627.5	27385.0
1628	1628.5	0
1629	1629.5	26434.0
1630	1630.5	136667.0
1631	1631.5	57118.0
1632	1632.5	80159.0
1633	1633.5	155253.0
1634	1634.5	125157.0
1635	1635.5	0
1636	1636.5	52214.0
1637	1637.5	0
1638	1638.5	87852.0
1639	1639.5	21891.0
1640	1640.5	0
1641	1641.5	120896.0
1642	1642.5	26037.0
1643	1643.5	50855.0
1644	1644.5	90242.0
1645	1645.5	29071.0
1646	1646.5	0
1647	1647.5	0
1648	1648.5	90784.0
1649	1649.5	0
1650	1650.5	191310.0
1651	1651.5	29403.0
1652	1652.5	54156.0
1653	1653.5	0
1654	1654.5	40237.0
1655	1655.5	84147.0
1656	1656.5	79581.0
1657	1657.5	51400.0
1658	1658.5	0
1659	1659.5	172922.0
1660	1660.5	131061.0
1661	1661.5	51675.0
1662	1662.5	23512.0
1663	1663.5	80926.0
1664	1664.5	0
1665	1665.5	29876.0
1666	1666.5	30162.0
1667	1667.5	38976.0
1668	1668.5	104377.0
1669	1669.5	26264.0
1670	1670.5	0
1671	1671.5	25034.0
1672	1672.5	103270.0
1673	1673.5	0
1674	1674.5	138738.0
1675	1675.5	54364.0
1676	1676.5	56413.0
1677	1677.5	29289.0
1678	1678.5	26988.0
1679	1679.5	58225.0
1680	1680.5	98074.0
1681	1681.5	0
1682	1682.5	24631.0
1683	1683.5	0
1684	1684.5	27486.0
1685	1685.5	23935.0
1686	1686.5	31781.0
1687	1687.5	26101.0
1688	1688.5	19771.0
1689	1689.5	52213.0
1690	1690.5	62614.0
1691	1691.5	166281.0
1692	1692.5	38779.0
1693	1693.5	33667.0
1694	1694.5	29183.0
1695	1695.5	82708.0
1696	1696.5	58486.0
1697	1697.5	76709.0
1698	1698.5	35032.0
1699	1699.5	33146.0
1700	1700.5	124596.0
1701	1701.5	0
1702	1702.5	29450.0
1703	1703.5	19608.0
1704	1704.5	61651.0
1705	1705.5	39077.0
1706	1706.5	0
1707	1707.5	30415.0
1708	1708.5	0
1709	1709.5	58250.0
1710	1710.5	25529.0
1711	1711.5	27641.0
1712	1712.5	21835.0
1713	1713.5	0
1714	1714.5	58752.0
1715	1715.5	34203.0
1716	1716.5	59294.0
1717	1717.5	34881.0
1718	1718.5	59028.0
1719	1719.5	29939.0
1720	1720.5	155713.0
1721	1721.5	158343.0
1722	1722.5	26558.0
1723	1723.5	27020.0
1724	1724.5	66669.0
1725	1725.5	50057.0
1726	1726.5	85549.0
1727	1727.5	90872.0
1728	1728.5	32155.0
1729	1729.5	63968.0
1730	1730.5	36296.0
1731	1731.5	88879.0
1732	1732.5	25671.0
1733	1733.5	25997.0
1734	1734.5	0
1735	1735.5	104841.0
1736	1736.5	24156.0
1737	1737.5	180078.0
1738	1738.5	84595.0
1739	1739.5	35556.0
1740	1740.5	82655.0
1741	1741.5	30393.0
1742	1742.5	27870.0
1743	1743.5	40733.0
1744	1744.5	53119.0
1745	1745.5	30657.0
1746	1746.5	72643.0
1747	1747.5	85400.0
1748	1748.5	24902.0
1749	1749.5	0
1750	1750.5	28443.0
1751	1751.5	26167.0
1752	1752.5	29018.0
1753	1753.5	100193.0
1754	1754.5	33271.0
1755	1755.5	0
1756	1756.5	0
1757	1757.5	112595.0
1758	1758.5	94286.0
1759	1759.5	186630.0
1760	1760.5	37627.0
1761	1761.5	39515.0
1762	1762.5	82011.0
1763	1763.5	109194.0
1764	1764.5	52273.0
1765	1765.5	42068.0
1766	1766.5	94759.0
1767	1767.5	75039.0
1768	1768.5	56707.0
1769	1769.5	45500.0
1770	1770.5	160373.0
1771	1771.5	28846.0
1772	1772.5	35590.0
1773	1773.5	32017.0
1774	1774.5	26640.0
1775	1775.5	100394.0
1776	1776.5	0
1777	1777.5	66894.0
1778	1778.5	83922.0
1779	1779.5	33447.0
1780	1780.5	35796.0
1781	1781.5	55600.0
1782	1782.5	0
1783	1783.5	59928.0
1784	1784.5	127893.0
1785	1785.5	0
1786	1786.5	25136.0
1787	1787.5	26854.0
1788	1788.5	103850.0
1789	1789.5	104012.0
1790	1790.5	26408.0
1791	1791.5	70958.0
1792	1792.5	0
1793	1793.5	28098.0
1794	1794.5	130270.0
1795	1795.5	135474.0
1796	1796.5	0
1797	1797.5	90838.0
1798	1798.5	64510.0
1799	1799.5	31434.0
1800	1800.5	0
1801	1801.5	26719.0
1802	1802.5	71194.0
1803	1803.5	97235.0
1804	1804.5	106852.0
1805	1805.5	69085.0
1806	1806.5	0
1807	1807.5	0
1808	1808.5	98700.0
1809	1809.5	60139.0
1810	1810.5	41376.0
1811	1811.5	70261.0
1812	1812.5	92376.0
1813	1813.5	31530.0
1814	1814.5	0
1815	1815.5	83061.0
1816	1816.5	29706.0
1817	1817.5	37356.0
1818	1818.5	101271.0
1819	1819.5	27793.0
1820	1820.5	38948.0
1821	1821.5	34194.0
1822	1822.5	30871.0
1823	1823.5	0
1824	1824.5	22866.0
1825	1825.5	143584.0
1826	1826.5	0
1827	1827.5	27091.0
1828	1828.5	134499.0
1829	1829.5	55238.0
1830	1830.5	87553.0
1831	1831.5	30851.0
1832	1832.5	28492.0
1833	1833.5	61045.0
1834	1834.5	30906.0
1835	1835.5	0
1836	1836.5	57072.0
1837	1837.5	27091.0
1838	1838.5	0
1839	1839.5	0
1840	1840.5	73273.0
1841	1841.5	70456.0
1842	1842.5	0
1843	1843.5	31758.0
1844	1844.5	32063.0
1845	1845.5	124076.0
1846	1846.5	50158.0
1847	1847.5	96353.0
1848	1848.5	0
1849	1849.5	62160.0
1850	1850.5	0
1851	1851.5	36318.0
1852	1852.5	66944.0
1853	1853.5	101792.0
1854	1854.5	104519.0
1855	1855.5	30786.0
1856	1856.5	115384.0
1857	1857.5	71981.0
1858	1858.5	66436.0
1859	1859.5	117051.0
1860	1860.5	0
1861	1861.5	74119.0
1862	1862.5	41220.0
1863	1863.5	0
1864	1864.5	38061.0
1865	1865.5	37714.0
1866	1866.5	0
1867	1867.5	0
1868	1868.5	57495.0
1869	1869.5	125556.0
1870	1870.5	38964.0
1871	1871.5	92575.0
1872	1872.5	92242.0
1873	1873.5	63077.0
1874	1874.5	112934.0
1875	1875.5	31626.0
1876	1876.5	61022.0
1877	1877.5	0
1878	1878.5	132493.0
1879	1879.5	44214.0
1880	1880.5	31150.0
1881	1881.5	122320.0
1882	1882.5	92728.0
1883	1883.5	38874.0
1884	1884.5	83032.0
1885	1885.5	0
1886	1886.5	29041.0
1887	1887.5	0
1888	1888.5	67081.0
1889	1889.5	62063.0
1890	1890.5	91190.0
1891	1891.5	34745.0
1892	1892.5	0
1893	1893.5	68511.0
1894	1894.5	28192.0
1895	1895.5	29056.0
1896	1896.5	27325.0
1897	1897.5	27141.0
1898	1898.5	106141.0
1899	1899.5	0
1900	1900.5	125580.0
1901	1901.5	33983.0
1902	1902.5	0
1903	1903.5	68651.0
1904	1904.5	35427.0
1905	1905.5	0
1906	1906.5	31281.0
1907	1907.5	0
1908	1908.5	28671.0
1909	1909.5	74263.0
1910	1910.5	86360.0
1911	1911.5	29429.0
1912	1912.5	41379.0
1913	1913.5	374819.0
1914	1914.5	32562.0
1915	1915.5	58703.0
1916	1916.5	61396.0
1917	1917.5	96690.0
1918	1918.5	29366.0
1919	1919.5	80957.0
1920	1920.5	108751.0
1921	1921.5	0
1922	1922.5	0
1923	1923.5	0
1924	1924.5	91606.0
1925	1925.5	163638.0
1926	1926.5	64199.0
1927	1927.5	30843.0
1928	1928.5	0
1929	1929.5	0
1930	1930.5	0
1931	1931.5	0
1932	1932.5	36196.0
1933	1933.5	140514.0
1934	1934.5	34580.0
1935	1935.5	80645.0
1936	1936.5	0
1937	1937.5	104846.0
1938	1938.5	0
1939	1939.5	0
1940	1940.5	32399.0
1941	1941.5	31597.0
1942	1942.5	31329.0
1943	1943.5	31985.0
1944	1944.5	28253.0
1945	1945.5	0
1946	1946.5	129021.0
1947	1947.5	35135.0
1948	1948.5	73690.0
1949	1949.5	0
1950	1950.5	37230.0
1951	1951.5	33407.0
1952	1952.5	64887.0
1953	1953.5	67963.0
1954	1954.5	0
1955	1955.5	102956.0
1956	1956.5	73365.0
1957	1957.5	56619.0
1958	1958.5	113147.0
1959	1959.5	50843.0
1960	1960.5	37770.0
1961	1961.5	46692.0
1962	1962.5	32976.0
1963	1963.5	42980.0
1964	1964.5	25013.0
1965	1965.5	44405.0
1966	1966.5	110422.0
1967	1967.5	33698.0
1968	1968.5	120843.0
1969	1969.5	0
1970	1970.5	64903.0
1971	1971.5	0
1972	1972.5	0
1973	1973.5	38999.0
1974	1974.5	72175.0
1975	1975.5	58146.0
1976	1976.5	34880.0
1977	1977.5	0
1978	1978.5	0
1979	1979.5	37717.0
1980	1980.5	0
1981	1981.5	0
1982	1982.5	34869.0
1983	1983.5	0
1984	1984.5	35539.0
1985	1985.5	57892.0
1986	1986.5	103712.0
1987	1987.5	140749.0
1988	1988.5	104078.0
1989	1989.5	46169.0
1990	1990.5	0
1991	1991.5	0
1992	1992.5	0
1993	1993.5	28980.0
1994	1994.5	0
1995	1995.5	0
1996	1996.5	0
1997	1997.5	149270.0
1998	1998.5	30508.0
1999	1999.5	30026.0
2000	2000.5	26112.0
2001	2001.5	0
2002	2002.5	73705.0
2003	2003.5	73546.0
2004	2004.5	31439.0
2005	2005.5	0
2006	2006.5	23810.0
2007	2007.5	0
2008	2008.5	58173.0
2009	2009.5	149189.0
2010	2010.5	82486.0
2011	2011.5	157832.0
2012	2012.5	0
2013	2013.5	134098.0
2014	2014.5	68267.0
2015	2015.5	75225.0
2016	2016.5	33590.0
2017	2017.5	75320.0
2018	2018.5	159914.0
2019	2019.5	33426.0
2020	2020.5	72663.0
2021	2021.5	51166.0
2022	2022.5	41898.0
2023	2023.5	68828.0
2024	2024.5	36857.0
2025	2025.5	44094.0
2026	2026.5	37788.0
2027	2027.5	0
2028	2028.5	0
2029	2029.5	0
2030	2030.5	65281.0
2031	2031.5	35775.0
2032	2032.5	40845.0
2033	2033.5	36458.0
2034	2034.5	38140.0
2035	2035.5	0
2036	2036.5	117285.0
2037	2037.5	176509.0
2038	2038.5	32781.0
2039	2039.5	110696.0
2040	2040.5	164657.0
2041	2041.5	35830.0
2042	2042.5	47435.0
2043	2043.5	0
2044	2044.5	0
2045	2045.5	74482.0
2046	2046.5	78823.0
2047	2047.5	34922.0
2048	2048.5	0
2049	2049.5	0
2050	2050.5	36148.0
2051	2051.5	42695.0
2052	2052.5	28811.0
2053	2053.5	38320.0
2054	2054.5	36138.0
2055	2055.5	32570.0
2056	2056.5	96147.0
2057	2057.5	75199.0
2058	2058.5	137916.0
2059	2059.5	36190.0
2060	2060.5	105245.0
2061	2061.5	95512.0
2062	2062.5	113734.0
2063	2063.5	0
2064	2064.5	71952.0
2065	2065.5	36531.0
2066	2066.5	63015.0
2067	2067.5	76853.0
2068	2068.5	0
2069	2069.5	37893.0
2070	2070.5	0
2071	2071.5	78623.0
2072	2072.5	146704.0
2073	2073.5	159580.0
2074	2074.5	36958.0
2075	2075.5	31546.0
2076	2076.5	0
2077	2077.5	36042.0
2078	2078.5	102533.0
2079	2079.5	0
2080	2080.5	70776.0
2081	2081.5	80900.0
2082	2082.5	93885.0
2083	2083.5	29145.0
2084	2084.5	51610.0
2085	2085.5	0
2086	2086.5	65711.0
2087	2087.5	40219.0
2088	2088.5	66160.0
2089	2089.5	62092.0
2090	2090.5	39524.0
2091	2091.5	0
2092	2092.5	0
2093	2093.5	86478.0
2094	2094.5	40364.0
2095	2095.5	0
2096	2096.5	0
2097	2097.5	35586.0
2098	2098.5	71207.0
2099	2099.5	79420.0
2100	2100.5	74087.0
2101	2101.5	64581.0
2102	2102.5	0
2103	2103.5	72994.0
2104	2104.5	0
2105	2105.5	35883.0
2106	2106.5	37249.0
2107	2107.5	39657.0
2108	2108.5	79843.0
2109	2109.5	0
2110	2110.5	37801.0
2111	2111.5	98096.0
2112	2112.5	0
2113	2113.5	34412.0
2114	2114.5	36854.0
2115	2115.5	94296.0
2116	2116.5	78129.0
2117	2117.5	30550.0
2118	2118.5	0
2119	2119.5	111044.0
2120	2120.5	0
2121	2121.5	0
2122	2122.5	144117.0
2123	2123.5	69786.0
2124	2124.5	29067.0
2125	2125.5	0
2126	2126.5	91151.0
2127	2127.5	44693.0
2128	2128.5	0
2129	2129.5	35809.0
2130	2130.5	45465.0
2131	2131.5	0
2132	2132.5	0
2133	2133.5	0
2134	2134.5	0
2135	2135.5	0
2136	2136.5	0
2137	2137.5	0
2138	2138.5	34821.0
2139	2139.5	113076.0
2140	2140.5	77379.0
2141	2141.5	35733.0
2142	2142.5	0
2143	2143.5	129072.0
2144	2144.5	39093.0
2145	2145.5	139175.0
2146	2146.5	37861.0
2147	2147.5	136927.0
2148	2148.5	132981.0
2149	2149.5	0
2150	2150.5	0
2151	2151.5	127405.0
2152	2152.5	78531.0
2153	2153.5	33769.0
2154	2154.5	82215.0
2155	2155.5	72172.0
2156	2156.5	0
2157	2157.5	33200.0
2158	2158.5	41044.0
2159	2159.5	45382.0
2160	2160.5	82591.0
2161	2161.5	117450.0
2162	2162.5	70708.0
2163	2163.5	68116.0
2164	2164.5	0
2165	2165.5	81289.0
2166	2166.5	95543.0
2167	2167.5	0
2168	2168.5	0
2169	2169.5	41563.0
2170	2170.5	76233.0
2171	2171.5	47825.0
2172	2172.5	0
2173	2173.5	0
2174	2174.5	36936.0
2175	2175.5	40689.0
2176	2176.5	0
2177	2177.5	194897.0
2178	2178.5	35741.0
2179	2179.5	73183.0
2180	2180.5	41578.0
2181	2181.5	0
2182	2182.5	81734.0
2183	2183.5	79149.0
2184	2184.5	90395.0
2185	2185.5	78064.0
2186	2186.5	44503.0
2187	2187.5	133437.0
2188	2188.5	0
2189	2189.5	38651.0
2190	2190.5	0
2191	2191.5	35356.0
2192	2192.5	39298.0
2193	2193.5	47828.0
2194	2194.5	0
2195	2195.5	81147.0
2196	2196.5	80376.0
2197	2197.5	103239.0
2198	2198.5	0
2199	2199.5	97614.0
2200	2200.5	0
2201	2201.5	81088.0
2202	2202.5	39089.0
2203	2203.5	0
2204	2204.5	33987.0
2205	2205.5	39380.0
2206	2206.5	54349.0
2207	2207.5	46076.0
2208	2208.5	32245.0
2209	2209.5	92532.0
2210	2210.5	36595.0
2211	2211.5	30427.0
2212	2212.5	0
2213	2213.5	0
2214	2214.5	0
2215	2215.5	44711.0
2216	2216.5	0
2217	2217.5	74169.0
2218	2218.5	32596.0
2219	2219.5	114493.0
2220	2220.5	112388.0
2221	2221.5	0
2222	2222.5	0
2223	2223.5	77512.0
2224	2224.5	36640.0
2225	2225.5	78809.0
2226	2226.5	41339.0
2227	2227.5	0
2228	2228.5	0
2229	2229.5	50646.0
2230	2230.5	81576.0
2231	2231.5	0
2232	2232.5	51722.0
2233	2233.5	114219.0
2234	2234.5	137432.0
2235	2235.5	0
2236	2236.5	0
2237	2237.5	119300.0
2238	2238.5	0
2239	2239.5	38546.0
2240	2240.5	83525.0
2241	2241.5	43779.0
2242	2242.5	41250.0
2243	2243.5	50948.0
2244	2244.5	41851.0
2245	2245.5	79088.0
2246	2246.5	154368.0
2247	2247.5	44976.0
2248	2248.5	39159.0
2249	2249.5	0
2250	2250.5	0
2251	2251.5	0
2252	2252.5	38685.0
2253	2253.5	40257.0
2254	2254.5	41589.0
2255	2255.5	0
2256	2256.5	84493.0
2257	2257.5	189617.0
2258	2258.5	60234.0
2259	2259.5	0
2260	2260.5	0
2261	2261.5	224054.0
2262	2262.5	0
2263	2263.5	46305.0
2264	2264.5	38643.0
2265	2265.5	0
2266	2266.5	27469.0
2267	2267.5	91717.0
2268	2268.5	0
2269	2269.5	0
2270	2270.5	0
2271	2271.5	0
2272	2272.5	38897.0
2273	2273.5	49967.0
2274	2274.5	0
2275	2275.5	139098.0
2276	2276.5	112675.0
2277	2277.5	45538.0
2278	2278.5	200496.0
2279	2279.5	91495.0
2280	2280.5	43763.0
2281	2281.5	90519.0
2282	2282.5	46199.0
2283	2283.5	38740.0
2284	2284.5	38749.0
2285	2285.5	0
2286	2286.5	155762.0
2287	2287.5	50478.0
2288	2288.5	0
2289	2289.5	37235.0
2290	2290.5	0
2291	2291.5	93999.0
2292	2292.5	0
2293	2293.5	45493.0
2294	2294.5	0
2295	2295.5	0
2296	2296.5	0
2297	2297.5	0
2298	2298.5	86897.0
2299	2299.5	43722.0
2300	2300.5	74361.0
2301	2301.5	95089.0
2302	2302.5	36765.0
2303	2303.5	0
2304	2304.5	79418.0
2305	2305.5	0
2306	2306.5	81267.0
2307	2307.5	86453.0
2308	2308.5	0
2309	2309.5	0
2310	2310.5	126954.0
2311	2311.5	41341.0
2312	2312.5	0
2313	2313.5	43915.0
2314	2314.5	0
2315	2315.5	42496.0
2316	2316.5	0
2317	2317.5	37659.0
2318	2318.5	89157.0
2319	2319.5	0
2320	2320.5	113858.0
2321	2321.5	42961.0
2322	2322.5	60574.0
2323	2323.5	35978.0
2324	2324.5	35350.0
2325	2325.5	83722.0
2326	2326.5	0
2327	2327.5	46474.0
2328	2328.5	45656.0
2329	2329.5	84110.0
2330	2330.5	69160.0
2331	2331.5	0
2332	2332.5	0
2333	2333.5	88460.0
2334	2334.5	0
2335	2335.5	254624.0
2336	2336.5	42065.0
2337	2337.5	0
2338	2338.5	0
2339	2339.5	0
2340	2340.5	0
2341	2341.5	0
2342	2342.5	43002.0
2343	2343.5	0
2344	2344.5	41271.0
2345	2345.5	46823.0
2346	2346.5	40090.0
2347	2347.5	133890.0
2348	2348.5	0
2349	2349.5	88358.0
2350	2350.5	53051.0
2351	2351.5	38103.0
2352	2352.5	46513.0
2353	2353.5	0
2354	2354.5	0
2355	2355.5	130346.0
2356	2356.5	0
2357	2357.5	51792.0
2358	2358.5	0
2359	2359.5	0
2360	2360.5	43526.0
2361	2361.5	176620.0
2362	2362.5	44460.0
2363	2363.5	39176.0
2364	2364.5	0
2365	2365.5	0
2366	2366.5	104880.0
2367	2367.5	56586.0
2368	2368.5	0
2369	2369.5	0
2370	2370.5	96615.0
2371	2371.5	70895.0
2372	2372.5	0
2373	2373.5	42780.0
2374	2374.5	42888.0
2375	2375.5	41210.0
2376	2376.5	50338.0
2377	2377.5	0
2378	2378.5	0
2379	2379.5	134531.0
2380	2380.5	0
2381	2381.5	0
2382	2382.5	41518.0
2383	2383.5	0
2384	2384.5	156071.0
2385	2385.5	40996.0
2386	2386.5	145612.0
2387	2387.5	88093.0
2388	2388.5	38593.0
2389	2389.5	42637.0
2390	2390.5	0
2391	2391.5	157076.0
2392	2392.5	88705.0
2393	2393.5	0
2394	2394.5	49575.0
2395	2395.5	90479.0
2396	2396.5	84938.0
2397	2397.5	93045.0
2398	2398.5	0
2399	2399.5	198690.0
2400	2400.5	95345.0
2401	2401.5	0
2402	2402.5	0
2403	2403.5	0
2404	2404.5	0
2405	2405.5	0
2406	2406.5	158827.0
2407	2407.5	42080.0
2408	2408.5	43295.0
2409	2409.5	0
2410	2410.5	57727.0
2411	2411.5	149260.0
2412	2412.5	191705.0
2413	2413.5	50291.0
2414	2414.5	52159.0
2415	2415.5	79198.0
2416	2416.5	0
2417	2417.5	0
2418	2418.5	29835.0
2419	2419.5	95401.0
2420	2420.5	48187.0
2421	2421.5	50514.0
2422	2422.5	43980.0
2423	2423.5	128953.0
2424	2424.5	0
2425	2425.5	113684.0
2426	2426.5	42309.0
2427	2427.5	93686.0
2428	2428.5	0
2429	2429.5	33270.0
2430	2430.5	0
2431	2431.5	45320.0
2432	2432.5	0
2433	2433.5	90129.0
2434	2434.5	97149.0
2435	2435.5	0
2436	2436.5	0
2437	2437.5	76772.0
2438	2438.5	35788.0
2439	2439.5	146834.0
2440	2440.5	92368.0
2441	2441.5	0
2442	2442.5	0
2443	2443.5	0
2444	2444.5	0
2445	2445.5	0
2446	2446.5	0
2447	2447.5	62880.0
2448	2448.5	95325.0
2449	2449.5	43051.0
2450	2450.5	52218.0
2451	2451.5	0
2452	2452.5	87972.0
2453	2453.5	0
2454	2454.5	0
2455	2455.5	47377.0
2456	2456.5	0
2457	2457.5	0
2458	2458.5	42147.0
2459	2459.5	0
2460	2460.5	0
2461	2461.5	38501.0
2462	2462.5	43434.0
2463	2463.5	0
2464	2464.5	37689.0
2465	2465.5	0
2466	2466.5	46380.0
2467	2467.5	0
2468	2468.5	0
2469	2469.5	0
2470	2470.5	61669.0
2471	2471.5	0
2472	2472.5	0
2473	2473.5	79388.0
2474	2474.5	0
2475	2475.5	161773.0
2476	2476.5	159680.0
2477	2477.5	110863.0
2478	2478.5	53493.0
2479	2479.5	105794.0
2480	2480.5	52239.0
2481	2481.5	61109.0
2482	2482.5	64386.0
2483	2483.5	0
2484	2484.5	0
2485	2485.5	0
2486	2486.5	101070.0
2487	2487.5	0
2488	2488.5	59374.0
2489	2489.5	49735.0
2490	2490.5	88703.0
2491	2491.5	41224.0
2492	2492.5	43549.0
2493	2493.5	0
2494	2494.5	0
2495	2495.5	51440.0
2496	2496.5	41146.0
2497	2497.5	50139.0
2498	2498.5	0
2499	2499.5	0
2500	2500.5	132178.0
2501	2501.5	110712.0
2502	2502.5	0
2503	2503.5	0
2504	2504.5	54104.0
2505	2505.5	51629.0
2506	2506.5	0
2507	2507.5	0
2508	2508.5	0
2509	2509.5	144157.0
2510	2510.5	52102.0
2511	2511.5	48550.0
2512	2512.5	0
2513	2513.5	51755.0
2514	2514.5	0
2515	2515.5	56576.0
2516	2516.5	48641.0
2517	2517.5	136886.0
2518	2518.5	128758.0
2519	2519.5	52860.0
2520	2520.5	55630.0
2521	2521.5	0
2522	2522.5	92728.0
2523	2523.5	0
2524	2524.5	0
2525	2525.5	0
2526	2526.5	57550.0
2527	2527.5	47668.0
2528	2528.5	82527.0
2529	2529.5	52020.0
2530	2530.5	40394.0
2531	2531.5	45731.0
2532	2532.5	39897.0
2533	2533.5	49070.0
2534	2534.5	0
2535	2535.5	0
2536	2536.5	0
2537	2537.5	53755.0
2538	2538.5	0
2539	2539.5	0
2540	2540.5	0
2541	2541.5	0
2542	2542.5	64577.0
2543	2543.5	110149.0
2544	2544.5	0
2545	2545.5	37240.0
2546	2546.5	0
2547	2547.5	0
2548	2548.5	0
2549	2549.5	0
2550	2550.5	45021.0
2551	2551.5	43060.0
2552	2552.5	0
2553	2553.5	59157.0
2554	2554.5	0
2555	2555.5	0
2556	2556.5	0
2557	2557.5	46246.0
2558	2558.5	0
2559	2559.5	40378.0
2560	2560.5	114316.0
2561	2561.5	50450.0
2562	2562.5	0
2563	2563.5	39144.0
2564	2564.5	79541.0
2565	2565.5	93193.0
2566	2566.5	0
2567	2567.5	0
2568	2568.5	0
2569	2569.5	53881.0
2570	2570.5	0
2571	2571.5	0
2572	2572.5	58547.0
2573	2573.5	0
2574	2574.5	0
2575	2575.5	52660.0
2576	2576.5	50477.0
2577	2577.5	106724.0
2578	2578.5	68931.0
2579	2579.5	151725.0
2580	2580.5	47637.0
2581	2581.5	0
2582	2582.5	106839.0
2583	2583.5	227111.0
2584	2584.5	0
2585	2585.5	147393.0
2586	2586.5	44593.0
2587	2587.5	0
2588	2588.5	0
2589	2589.5	0
2590	2590.5	43428.0
2591	2591.5	0
2592	2592.5	48393.0
2593	2593.5	198579.0
2594	2594.5	46891.0
2595	2595.5	0
2596	2596.5	0
2597	2597.5	0
2598	2598.5	48460.0
2599	2599.5	0
2600	2600.5	50193.0
2601	2601.5	46695.0
2602	2602.5	0
2603	2603.5	45584.0
2604	2604.5	100409.0
2605	2605.5	106406.0
2606	2606.5	114639.0
2607	2607.5	0
2608	2608.5	0
2609	2609.5	48202.0
2610	2610.5	239720.0
2611	2611.5	0
2612	2612.5	0
2613	2613.5	0
2614	2614.5	0
2615	2615.5	43319.0
2616	2616.5	51676.0
2617	2617.5	0
2618	2618.5	63007.0
2619	2619.5	40854.0
2620	2620.5	0
2621	2621.5	46809.0
2622	2622.5	0
2623	2623.5	0
2624	2624.5	0
2625	2625.5	0
2626	2626.5	0
2627	2627.5	45961.0
2628	2628.5	0
2629	2629.5	57869.0
2630	2630.5	0
2631	2631.5	49875.0
2632	2632.5	42735.0
2633	2633.5	0
2634	2634.5	97340.0
2635	2635.5	0
2636	2636.5	0
2637	2637.5	0
2638	2638.5	0
2639	2639.5	56417.0
2640	2640.5	0
2641	2641.5	149800.0
2642	2642.5	0
2643	2643.5	48455.0
2644	2644.5	56671.0
2645	2645.5	50671.0
2646	2646.5	0
2647	2647.5	0
2648	2648.5	0
2649	2649.5	0
2650	2650.5	0
2651	2651.5	0
2652	2652.5	37649.0
2653	2653.5	0
2654	2654.5	0
2655	2655.5	0
2656	2656.5	0
2657	2657.5	0
2658	2658.5	0
2659	2659.5	177558.0
2660	2660.5	46623.0
2661	2661.5	57990.0
2662	2662.5	47259.0
2663	2663.5	0
2664	2664.5	99874.0
2665	2665.5	110625.0
2666	2666.5	48244.0
2667	2667.5	46194.0
2668	2668.5	0
2669	2669.5	0
2670	2670.5	0
2671	2671.5	69016.0
2672	2672.5	68322.0
2673	2673.5	42029.0
2674	2674.5	0
2675	2675.5	0
2676	2676.5	0
2677	2677.5	0
2678	2678.5	0
2679	2679.5	47324.0
2680	2680.5	38884.0
2681	2681.5	48391.0
2682	2682.5	0
2683	2683.5	49398.0
2684	2684.5	144618.0
2685	2685.5	0
2686	2686.5	0
2687	2687.5	46203.0
2688	2688.5	0
2689	2689.5	59261.0
2690	2690.5	0
2691	2691.5	0
2692	2692.5	91888.0
2693	2693.5	54427.0
2694	2694.5	0
2695	2695.5	0
2696	2696.5	0
2697	2697.5	63730.0
2698	2698.5	62965.0
2699	2699.5	0
2700	2700.5	65916.0
2701	2701.5	57804.0
2702	2702.5	109314.0
2703	2703.5	56109.0
2704	2704.5	107962.0
2705	2705.5	49720.0
2706	2706.5	67540.0
2707	2707.5	45942.0
2708	2708.5	0
2709	2709.5	62912.0
2710	2710.5	0
2711	2711.5	63562.0
2712	2712.5	68341.0
2713	2713.5	61670.0
2714	2714.5	0
2715	2715.5	102933.0
2716	2716.5	59281.0
2717	2717.5	0
2718	2718.5	111023.0
2719	2719.5	51316.0
2720	2720.5	0
2721	2721.5	54786.0
2722	2722.5	86533.0
2723	2723.5	0
2724	2724.5	0
2725	2725.5	102786.0
2726	2726.5	0
2727	2727.5	0
2728	2728.5	0
2729	2729.5	0
2730	2730.5	58188.0
2731	2731.5	0
2732	2732.5	84807.0
2733	2733.5	0
2734	2734.5	77152.0
2735	2735.5	0
2736	2736.5	167337.0
2737	2737.5	41500.0
2738	2738.5	0
2739	2739.5	44232.0
2740	2740.5	99396.0
2741	2741.5	0
2742	2742.5	114952.0
2743	2743.5	44935.0
2744	2744.5	0
2745	2745.5	0
2746	2746.5	94964.0
2747	2747.5	0
2748	2748.5	57043.0
2749	2749.5	56467.0
2750	2750.5	63477.0
2751	2751.5	0
2752	2752.5	57506.0
2753	2753.5	0
2754	2754.5	0
2755	2755.5	50919.0
2756	2756.5	0
2757	2757.5	51280.0
2758	2758.5	0
2759	2759.5	55913.0
2760	2760.5	52924.0
2761	2761.5	119390.0
2762	2762.5	64671.0
2763	2763.5	161381.0
2764	2764.5	68548.0
2765	2765.5	88258.0
2766	2766.5	0
2767	2767.5	0
2768	2768.5	52219.0
2769	2769.5	60508.0
2770	2770.5	132883.0
2771	2771.5	72458.0
2772	2772.5	45019.0
2773	2773.5	0
2774	2774.5	49347.0
2775	2775.5	58434.0
2776	2776.5	0
2777	2777.5	103762.0
2778	2778.5	53387.0
2779	2779.5	119451.0
2780	2780.5	49185.0
2781	2781.5	113899.0
2782	2782.5	146345.0
2783	2783.5	63003.0
2784	2784.5	147886.0
2785	2785.5	0
2786	2786.5	0
2787	2787.5	64851.0
2788	2788.5	56443.0
2789	2789.5	0
2790	2790.5	0
2791	2791.5	180352.0
2792	2792.5	77704.0
2793	2793.5	65931.0
2794	2794.5	0
2795	2795.5	59995.0
2796	2796.5	61332.0
2797	2797.5	53913.0
2798	2798.5	104474.0
2799	2799.5	45195.0
2800	2800.5	43008.0
2801	2801.5	0
2802	2802.5	50121.0
2803	2803.5	111054.0
2804	2804.5	52282.0
2805	2805.5	0
2806	2806.5	117980.0
2807	2807.5	0
2808	2808.5	47934.0
2809	2809.5	0
2810	2810.5	0
2811	2811.5	52850.0
2812	2812.5	80196.0
2813	2813.5	0
2814	2814.5	78089.0
2815	2815.5	60766.0
2816	2816.5	108155.0
2817	2817.5	0
2818	2818.5	62883.0
2819	2819.5	117022.0
2820	2820.5	65140.0
2821	2821.5	0
2822	2822.5	0
2823	2823.5	0
2824	2824.5	0
2825	2825.5	0
2826	2826.5	0
2827	2827.5	115739.0
2828	2828.5	0
2829	2829.5	134035.0
2830	2830.5	0
2831	2831.5	73411.0
2832	2832.5	116939.0
2833	2833.5	0
2834	2834.5	106427.0
2835	2835.5	0
2836	2836.5	0
2837	2837.5	105956.0
2838	2838.5	61723.0
2839	2839.5	52310.0
2840	2840.5	0
2841	2841.5	0
2842	2842.5	0
2843	2843.5	122192.0
2844	2844.5	0
2845	2845.5	0
2846	2846.5	63075.0
2847	2847.5	0
2848	2848.5	90773.0
2849	2849.5	0
2850	2850.5	0
2851	2851.5	0
2852	2852.5	199554.0
2853	2853.5	48984.0
2854	2854.5	0
2855	2855.5	0
2856	2856.5	51649.0
2857	2857.5	0
2858	2858.5	0
2859	2859.5	0
2860	2860.5	135102.0
2861	2861.5	0
2862	2862.5	53726.0
2863	2863.5	65837.0
2864	2864.5	72692.0
2865	2865.5	98532.0
2866	2866.5	184603.0
2867	2867.5	58301.0
2868	2868.5	67866.0
2869	2869.5	126354.0
2870	2870.5	47244.0
2871	2871.5	0
2872	2872.5	78278.0
2873	2873.5	0
2874	2874.5	0
2875	2875.5	176108.0
2876	2876.5	54402.0
2877	2877.5	0
2878	2878.5	131684.0
2879	2879.5	56710.0
2880	2880.5	0
2881	2881.5	65451.0
2882	2882.5	0
2883	2883.5	50562.0
2884	2884.5	119029.0
2885	2885.5	0
2886	2886.5	0
2887	2887.5	70223.0
2888	2888.5	53875.0
2889	2889.5	73236.0
2890	2890.5	66761.0
2891	2891.5	0
2892	2892.5	155596.0
2893	2893.5	58402.0
2894	2894.5	0
2895	2895.5	66084.0
2896	2896.5	54951.0
2897	2897.5	0
2898	2898.5	67933.0
2899	2899.5	51974.0
2900	2900.5	0
2901	2901.5	0
2902	2902.5	0
2903	2903.5	63300.0
2904	2904.5	72758.0
2905	2905.5	249768.0
2906	2906.5	69606.0
2907	2907.5	104219.0
2908	2908.5	0
2909	2909.5	0
2910	2910.5	74426.0
2911	2911.5	0
2912	2912.5	44752.0
2913	2913.5	0
2914	2914.5	53549.0
2915	2915.5	0
2916	2916.5	59959.0
2917	2917.5	0
2918	2918.5	122392.0
2919	2919.5	73248.0
2920	2920.5	59999.0
2921	2921.5	0
2922	2922.5	0
2923	2923.5	109414.0
2924	2924.5	56844.0
2925	2925.5	53362.0
2926	2926.5	0
2927	2927.5	0
2928	2928.5	0
2929	2929.5	100861.0
2930	2930.5	0
2931	2931.5	100918.0
2932	2932.5	54088.0
2933	2933.5	0
2934	2934.5	0
2935	2935.5	0
2936	2936.5	0
2937	2937.5	0
2938	2938.5	0
2939	2939.5	0
2940	2940.5	0
2941	2941.5	113236.0
2942	2942.5	48176.0
2943	2943.5	0
2944	2944.5	0
2945	2945.5	0
2946	2946.5	0
2947	2947.5	73922.0
2948	2948.5	0
2949	2949.5	0
2950	2950.5	0
2951	2951.5	0
2952	2952.5	120922.0
2953	2953.5	56274.0
2954	2954.5	0
2955	2955.5	76299.0
2956	2956.5	51946.0
2957	2957.5	0
2958	2958.5	63382.0
2959	2959.5	51171.0
2960	2960.5	55795.0
2961	2961.5	0
2962	2962.5	45445.0
2963	2963.5	0
2964	2964.5	0
2965	2965.5	0
2966	2966.5	52364.0
2967	2967.5	44944.0
2968	2968.5	58831.0
2969	2969.5	0
2970	2970.5	0
2971	2971.5	70627.0
2972	2972.5	69859.0
2973	2973.5	0
2974	2974.5	116928.0
2975	2975.5	0
2976	2976.5	265878.0
2977	2977.5	63269.0
2978	2978.5	0
2979	2979.5	81998.0
2980	2980.5	0
2981	2981.5	0
2982	2982.5	59867.0
2983	2983.5	0
2984	2984.5	59373.0
2985	2985.5	59275.0
2986	2986.5	0
2987	2987.5	67361.0
2988	2988.5	0
2989	2989.5	0
2990	2990.5	0
2991	2991.5	0
2992	2992.5	67864.0
2993	2993.5	0
2994	2994.5	59775.0
2995	2995.5	50049.0
2996	2996.5	0
2997	2997.5	0
2998	2998.5	0
2999	2999.5	0
3000	3000.5	71278.0
3001	3001.5	0
3002	3002.5	0
3003	3003.5	47632.0
3004	3004.5	60972.0
3005	3005.5	0
3006	3006.5	58836.0
3007	3007.5	71039.0
3008	3008.5	0
3009	3009.5	0
3010	3010.5	0
3011	3011.5	0
3012	3012.5	0
3013	3013.5	0
3014	3014.5	53326.0
3015	3015.5	0
3016	3016.5	0
3017	3017.5	0
3018	3018.5	0
3019	3019.5	64857.0
3020	3020.5	0
3021	3021.5	73682.0
3022	3022.5	54235.0
3023	3023.5	0
3024	3024.5	58402.0
3025	3025.5	54134.0
3026	3026.5	0
3027	3027.5	0
3028	3028.5	0
3029	3029.5	0
3030	3030.5	254637.0
3031	3031.5	0
3032	3032.5	129985.0
3033	3033.5	62869.0
3034	3034.5	0
3035	3035.5	63488.0
3036	3036.5	0
3037	3037.5	54686.0
3038	3038.5	73385.0
3039	3039.5	0
3040	3040.5	0
3041	3041.5	0
3042	3042.5	0
3043	3043.5	0
3044	3044.5	0
3045	3045.5	59675.0
3046	3046.5	0
3047	3047.5	59148.0
3048	3048.5	0
3049	3049.5	0
3050	3050.5	0
3051	3051.5	73983.0
3052	3052.5	0
3053	3053.5	82483.0
3054	3054.5	0
3055	3055.5	55434.0
3056	3056.5	120324.0
3057	3057.5	57796.0
3058	3058.5	0
3059	3059.5	0
3060	3060.5	0
3061	3061.5	195544.0
3062	3062.5	0
3063	3063.5	61503.0
3064	3064.5	88738.0
3065	3065.5	0
3066	3066.5	0
3067	3067.5	0
3068	3068.5	0
3069	3069.5	0
3070	3070.5	61814.0
3071	3071.5	0
3072	3072.5	56109.0
3073	3073.5	60998.0
3074	3074.5	0
3075	3075.5	0
3076	3076.5	0
3077	3077.5	0
3078	3078.5	62382.0
3079	3079.5	67823.0
3080	3080.5	58552.0
3081	3081.5	60060.0
3082	3082.5	61592.0
3083	3083.5	0
3084	3084.5	48149.0
3085	3085.5	58567.0
3086	3086.5	80245.0
3087	3087.5	0
3088	3088.5	63757.0
3089	3089.5	0
3090	3090.5	62634.0
3091	3091.5	69694.0
3092	3092.5	0
3093	3093.5	0
3094	3094.5	103498.0
3095	3095.5	0
3096	3096.5	0
3097	3097.5	59720.0
3098	3098.5	0
3099	3099.5	62099.0
3100	3100.5	0
3101	3101.5	64095.0
3102	3102.5	0
3103	3103.5	0
3104	3104.5	93469.0
3105	3105.5	0
3106	3106.5	0
3107	3107.5	0
3108	3108.5	0
3109	3109.5	64011.0
3110	3110.5	0
3111	3111.5	0
3112	3112.5	0
3113	3113.5	83911.0
3114	3114.5	0
3115	3115.5	100625.0
3116	3116.5	68442.0
3117	3117.5	0
3118	3118.5	0
3119	3119.5	0
3120	3120.5	81768.0
3121	3121.5	0
3122	3122.5	0
3123	3123.5	189701.0
3124	3124.5	100275.0
3125	3125.5	0
3126	3126.5	0
3127	3127.5	0
3128	3128.5	0
3129	3129.5	0
3130	3130.5	0
3131	3131.5	0
3132	3132.5	130324.0
3133	3133.5	68042.0
3134	3134.5	55673.0
3135	3135.5	0
3136	3136.5	92564.0
3137	3137.5	88697.0
3138	3138.5	0
3139	3139.5	125455.0
3140	3140.5	125285.0
3141	3141.5	151805.0
3142	3142.5	63865.0
3143	3143.5	0
3144	3144.5	0
3145	3145.5	56981.0
3146	3146.5	131316.0
3147	3147.5	0
3148	3148.5	59253.0
3149	3149.5	79848.0
3150	3150.5	64251.0
3151	3151.5	137168.0
3152	3152.5	0
3153	3153.5	0
3154	3154.5	0
3155	3155.5	0
3156	3156.5	61669.0
3157	3157.5	0
3158	3158.5	372107.0
3159	3159.5	204025.0
3160	3160.5	0
3161	3161.5	70244.0
3162	3162.5	0
3163	3163.5	0
3164	3164.5	59755.0
3165	3165.5	0
3166	3166.5	0
3167	3167.5	0
3168	3168.5	0
3169	3169.5	89666.0
3170	3170.5	125949.0
3171	3171.5	0
3172	3172.5	66540.0
3173	3173.5	0
3174	3174.5	0
3175	3175.5	0
3176	3176.5	0
3177	3177.5	0
3178	3178.5	0
3179	3179.5	0
3180	3180.5	0
3181	3181.5	0
3182	3182.5	69166.0
3183	3183.5	0
3184	3184.5	0
3185	3185.5	0
3186	3186.5	0
3187	3187.5	0
3188	3188.5	0
3189	3189.5	0
3190	3190.5	0
3191	3191.5	127842.0
3192	3192.5	74003.0
3193	3193.5	61656.0
3194	3194.5	0
3195	3195.5	0
3196	3196.5	0
3197	3197.5	72959.0
3198	3198.5	0
3199	3199.5	0
3200	3200.5	91968.0
3201	3201.5	0
3202	3202.5	63262.0
3203	3203.5	0
3204	3204.5	0
3205	3205.5	140949.0
3206	3206.5	76122.0
3207	3207.5	64056.0
3208	3208.5	0
3209	3209.5	69718.0
3210	3210.5	0
3211	3211.5	0
3212	3212.5	0
3213	3213.5	61737.0
3214	3214.5	0
3215	3215.5	0
3216	3216.5	188736.0
3217	3217.5	93897.0
3218	3218.5	127727.0
3219	3219.5	46225.0
3220	3220.5	123695.0
3221	3221.5	75066.0
3222	3222.5	0
3223	3223.5	0
3224	3224.5	0
3225	3225.5	0
3226	3226.5	165848.0
3227	3227.5	99120.0
3228	3228.5	51232.0
3229	3229.5	0
3230	3230.5	0
3231	3231.5	0
3232	3232.5	0
3233	3233.5	0
3234	3234.5	220763.0
3235	3235.5	216302.0
3236	3236.5	0
3237	3237.5	95808.0
3238	3238.5	82936.0
3239	3239.5	171294.0
3240	3240.5	93550.0
3241	3241.5	0
3242	3242.5	0
3243	3243.5	0
3244	3244.5	0
3245	3245.5	0
3246	3246.5	0
3247	3247.5	0
3248	3248.5	55668.0
3249	3249.5	80485.0
3250	3250.5	77954.0
3251	3251.5	64770.0
3252	3252.5	72667.0
3253	3253.5	132219.0
3254	3254.5	0
3255	3255.5	0
3256	3256.5	0
3257	3257.5	0
3258	3258.5	0
3259	3259.5	0
3260	3260.5	79084.0
3261	3261.5	81948.0
3262	3262.5	0
3263	3263.5	0
3264	3264.5	0
3265	3265.5	124363.0
3266	3266.5	94354.0
3267	3267.5	0
3268	3268.5	65176.0
3269	3269.5	0
3270	3270.5	0
3271	3271.5	0
3272	3272.5	78371.0
3273	3273.5	0
3274	3274.5	0
3275	3275.5	0
3276	3276.5	0
3277	3277.5	69671.0
3278	3278.5	0
3279	3279.5	0
3280	3280.5	97716.0
3281	3281.5	0
3282	3282.5	0
3283	3283.5	51625.0
3284	3284.5	0
3285	3285.5	0
3286	3286.5	78919.0
3287	3287.5	0
3288	3288.5	0
3289	3289.5	0
3290	3290.5	0
3291	3291.5	0
3292	3292.5	0
3293	3293.5	0
3294	3294.5	0
3295	3295.5	78858.0
3296	3296.5	79482.0
3297	3297.5	0
3298	3298.5	0
3299	3299.5	82243.0
3300	3300.5	0
3301	3301.5	0
3302	3302.5	0
3303	3303.5	144952.0
3304	3304.5	72791.0
3305	3305.5	0
3306	3306.5	0
3307	3307.5	0
3308	3308.5	59830.0
3309	3309.5	121800.0
3310	3310.5	0
3311	3311.5	64665.0
3312	3312.5	0
3313	3313.5	71262.0
3314	3314.5	0
3315	3315.5	0
3316	3316.5	0
3317	3317.5	84934.0
3318	3318.5	0
3319	3319.5	71386.0
3320	3320.5	72785.0
3321	3321.5	0
3322	3322.5	188304.0
3323	3323.5	0
3324	3324.5	0
3325	3325.5	0
3326	3326.5	74717.0
3327	3327.5	0
3328	3328.5	48993.0
3329	3329.5	0
3330	3330.5	0
3331	3331.5	0
3332	3332.5	0
3333	3333.5	0
3334	3334.5	0
3335	3335.5	0
3336	3336.5	103940.0
3337	3337.5	0
3338	3338.5	96494.0
3339	3339.5	0
3340	3340.5	0
3341	3341.5	0
3342	3342.5	0
3343	3343.5	78842.0
3344	3344.5	0
3345	3345.5	0
3346	3346.5	123014.0
3347	3347.5	83314.0
3348	3348.5	81276.0
3349	3349.5	74797.0
3350	3350.5	0
3351	3351.5	0
3352	3352.5	74670.0
3353	3353.5	0
3354	3354.5	0
3355	3355.5	0
3356	3356.5	0
3357	3357.5	0
3358	3358.5	0
3359	3359.5	0
3360	3360.5	0
3361	3361.5	97657.0
3362	3362.5	0
3363	3363.5	0
3364	3364.5	0
3365	3365.5	65477.0
3366	3366.5	0
3367	3367.5	0
3368	3368.5	65804.0
3369	3369.5	50447.0
3370	3370.5	0
3371	3371.5	0
3372	3372.5	0
3373	3373.5	0
3374	3374.5	72796.0
3375	3375.5	0
3376	3376.5	0
3377	3377.5	143398.0
3378	3378.5	0
3379	3379.5	72469.0
3380	3380.5	99414.0
3381	3381.5	0
3382	3382.5	0
3383	3383.5	79025.0
3384	3384.5	80672.0
3385	3385.5	69908.0
3386	3386.5	0
3387	3387.5	72102.0
3388	3388.5	0
3389	3389.5	104108.0
3390	3390.5	0
3391	3391.5	0
3392	3392.5	70080.0
3393	3393.5	151786.0
3394	3394.5	85654.0
3395	3395.5	0
3396	3396.5	76875.0
3397	3397.5	0
3398	3398.5	59562.0
3399	3399.5	0
3400	3400.5	0
3401	3401.5	65208.0
3402	3402.5	235787.0
3403	3403.5	0
3404	3404.5	0
3405	3405.5	0
3406	3406.5	0
3407	3407.5	0
3408	3408.5	0
3409	3409.5	59049.0
3410	3410.5	0
3411	3411.5	119945.0
3412	3412.5	0
3413	3413.5	182402.0
3414	3414.5	0
3415	3415.5	84714.0
3416	3416.5	0
3417	3417.5	0
3418	3418.5	0
3419	3419.5	178606.0
3420	3420.5	173162.0
3421	3421.5	67754.0
3422	3422.5	0
3423	3423.5	0
3424	3424.5	0
3425	3425.5	0
3426	3426.5	0
3427	3427.5	0
3428	3428.5	65743.0
3429	3429.5	0
3430	3430.5	129532.0
3431	3431.5	0
3432	3432.5	0
3433	3433.5	108622.0
3434	3434.5	65819.0
3435	3435.5	109678.0
3436	3436.5	0
3437	3437.5	82685.0
3438	3438.5	0
3439	3439.5	65176.0
3440	3440.5	0
3441	3441.5	0
3442	3442.5	63702.0
3443	3443.5	0
3444	3444.5	74180.0
3445	3445.5	0
3446	3446.5	0
3447	3447.5	96547.0
3448	3448.5	0
3449	3449.5	73881.0
3450	3450.5	0
3451	3451.5	0
3452	3452.5	0
3453	3453.5	0
3454	3454.5	71455.0
3455	3455.5	0
3456	3456.5	0
3457	3457.5	0
3458	3458.5	0
3459	3459.5	0
3460	3460.5	0
3461	3461.5	78662.0
3462	3462.5	0
3463	3463.5	87598.0
3464	3464.5	0
3465	3465.5	0
3466	3466.5	0
3467	3467.5	0
3468	3468.5	0
3469	3469.5	0
3470	3470.5	0
3471	3471.5	0
3472	3472.5	0
3473	3473.5	0
3474	3474.5	85457.0
3475	3475.5	0
3476	3476.5	87205.0
3477	3477.5	81929.0
3478	3478.5	0
3479	3479.5	82530.0
3480	3480.5	88181.0
3481	3481.5	0
3482	3482.5	172329.0
3483	3483.5	0
3484	3484.5	0
3485	3485.5	0
3486	3486.5	76373.0
3487	3487.5	0
3488	3488.5	78615.0
3489	3489.5	0
3490	3490.5	0
3491	3491.5	0
3492	3492.5	0
3493	3493.5	0
3494	3494.5	0
3495	3495.5	0
3496	3496.5	92371.0
3497	3497.5	0
3498	3498.5	0
3499	3499.5	77118.0
3500	3500.5	174866.0
3501	3501.5	82817.0
3502	3502.5	0
3503	3503.5	0
3504	3504.5	0
3505	3505.5	0
3506	3506.5	0
3507	3507.5	0
3508	3508.5	0
3509	3509.5	0
3510	3510.5	0
3511	3511.5	0
3512	3512.5	0
3513	3513.5	0
3514	3514.5	0
3515	3515.5	0
3516	3516.5	78822.0
3517	3517.5	0
3518	3518.5	0
3519	3519.5	0
3520	3520.5	0
3521	3521.5	103330.0
3522	3522.5	67889.0
3523	3523.5	0
3524	3524.5	0
3525	3525.5	0
3526	3526.5	94248.0
3527	3527.5	0
3528	3528.5	0
3529	3529.5	92689.0
3530	3530.5	0
3531	3531.5	76161.0
3532	3532.5	0
3533	3533.5	0
3534	3534.5	72422.0
3535	3535.5	0
3536	3536.5	0
3537	3537.5	82751.0
3538	3538.5	0
3539	3539.5	78722.0
3540	3540.5	68490.0
3541	3541.5	112752.0
3542	3542.5	0
3543	3543.5	0
3544	3544.5	91417.0
3545	3545.5	0
3546	3546.5	0
3547	3547.5	0
3548	3548.5	0
3549	3549.5	66879.0
3550	3550.5	0
3551	3551.5	0
3552	3552.5	0
3553	3553.5	86830.0
3554	3554.5	0
3555	3555.5	0
3556	3556.5	0
3557	3557.5	0
3558	3558.5	193651.0
3559	3559.5	82714.0
3560	3560.5	0
3561	3561.5	0
3562	3562.5	0
3563	3563.5	0
3564	3564.5	0
3565	3565.5	84479.0
3566	3566.5	0
3567	3567.5	103797.0
3568	3568.5	0
3569	3569.5	0
3570	3570.5	0
3571	3571.5	0
3572	3572.5	106647.0
3573	3573.5	163238.0
3574	3574.5	71374.0
3575	3575.5	0
3576	3576.5	0
3577	3577.5	0
3578	3578.5	0
3579	3579.5	82182.0
3580	3580.5	0
3581	3581.5	0
3582	3582.5	76750.0
3583	3583.5	0
3584	3584.5	0
3585	3585.5	0
3586	3586.5	0
3587	3587.5	0
3588	3588.5	0
3589	3589.5	0
3590	3590.5	0
3591	3591.5	0
3592	3592.5	0
3593	3593.5	81052.0
3594	3594.5	0
3595	3595.5	0
3596	3596.5	0
3597	3597.5	162476.0
3598	3598.5	68164.0
3599	3599.5	100926.0
3600	3600.5	0
3601	3601.5	0
3602	3602.5	0
3603	3603.5	0
3604	3604.5	0
3605	3605.5	0
3606	3606.5	0
3607	3607.5	0
3608	3608.5	0
3609	3609.5	0
3610	3610.5	67527.0
3611	3611.5	82911.0
3612	3612.5	0
3613	3613.5	69361.0
3614	3614.5	0
3615	3615.5	78455.0
3616	3616.5	0
3617	3617.5	0
3618	3618.5	0
3619	3619.5	94133.0
3620	3620.5	0
3621	3621.5	0
3622	3622.5	0
3623	3623.5	89579.0
3624	3624.5	0
3625	3625.5	80252.0
3626	3626.5	0
3627	3627.5	0
3628	3628.5	0
3629	3629.5	0
3630	3630.5	0
3631	3631.5	86166.0
3632	3632.5	0
3633	3633.5	0
3634	3634.5	0
3635	3635.5	0
3636	3636.5	0
3637	3637.5	0
3638	3638.5	0
3639	3639.5	0
3640	3640.5	0
3641	3641.5	0
3642	3642.5	65941.0
3643	3643.5	98964.0
3644	3644.5	0
3645	3645.5	0
3646	3646.5	68138.0
3647	3647.5	0
3648	3648.5	0
3649	3649.5	60999.0
3650	3650.5	0
3651	3651.5	0
3652	3652.5	0
3653	3653.5	152752.0
3654	3654.5	0
3655	3655.5	0
3656	3656.5	0
3657	3657.5	0
3658	3658.5	0
3659	3659.5	0
3660	3660.5	0
3661	3661.5	0
3662	3662.5	75175.0
3663	3663.5	0
3664	3664.5	0
3665	3665.5	0
3666	3666.5	0
3667	3667.5	0
3668	3668.5	0
3669	3669.5	0
3670	3670.5	0
3671	3671.5	85309.0
3672	3672.5	90233.0
3673	3673.5	0
3674	3674.5	91428.0
3675	3675.5	0
3676	3676.5	0
3677	3677.5	0
3678	3678.5	0
3679	3679.5	0
3680	3680.5	0
3681	3681.5	181966.0
3682	3682.5	0
3683	3683.5	65491.0
3684	3684.5	249066.0
3685	3685.5	0
3686	3686.5	0
3687	3687.5	56210.0
3688	3688.5	90810.0
3689	3689.5	0
3690	3690.5	75450.0
3691	3691.5	0
3692	3692.5	0
3693	3693.5	0
3694	3694.5	85195.0
3695	3695.5	0
3696	3696.5	0
3697	3697.5	0
3698	3698.5	0
3699	3699.5	90141.0
3700	3700.5	0
3701	3701.5	0
3702	3702.5	0
3703	3703.5	110546.0
3704	3704.5	0
3705	3705.5	104653.0
3706	3706.5	0
3707	3707.5	91914.0
3708	3708.5	0
3709	3709.5	0
3710	3710.5	85830.0
3711	3711.5	0
3712	3712.5	0
3713	3713.5	67789.0
3714	3714.5	0
3715	3715.5	0
3716	3716.5	107605.0
3717	3717.5	0
3718	3718.5	0
3719	3719.5	71718.0
3720	3720.5	69579.0
3721	3721.5	0
3722	3722.5	0
3723	3723.5	171689.0
3724	3724.5	0
3725	3725.5	76596.0
3726	3726.5	0
3727	3727.5	0
3728	3728.5	0
3729	3729.5	0
3730	3730.5	157337.0
3731	3731.5	0
3732	3732.5	0
3733	3733.5	0
3734	3734.5	134325.0
3735	3735.5	0
3736	3736.5	0
3737	3737.5	0
3738	3738.5	79679.0
3739	3739.5	0
3740	3740.5	155726.0
3741	3741.5	0
3742	3742.5	80469.0
3743	3743.5	86951.0
3744	3744.5	126761.0
3745	3745.5	0
3746	3746.5	0
3747	3747.5	88673.0
3748	3748.5	109515.0
3749	3749.5	0
3750	3750.5	0
3751	3751.5	103995.0
3752	3752.5	0
3753	3753.5	0
3754	3754.5	0
3755	3755.5	99703.0
3756	3756.5	0
3757	3757.5	101466.0
3758	3758.5	161225.0
3759	3759.5	0
3760	3760.5	0
3761	3761.5	0
3762	3762.5	0
3763	3763.5	95023.0
3764	3764.5	0
3765	3765.5	0
3766	3766.5	60385.0
3767	3767.5	0
3768	3768.5	0
3769	3769.5	0
3770	3770.5	0
3771	3771.5	0
3772	3772.5	115845.0
3773	3773.5	0
3774	3774.5	0
3775	3775.5	50795.0
3776	3776.5	0
3777	3777.5	0
3778	3778.5	0
3779	3779.5	80763.0
3780	3780.5	162080.0
3781	3781.5	0
3782	3782.5	0
3783	3783.5	0
3784	3784.5	0
3785	3785.5	0
3786	3786.5	0
3787	3787.5	0
3788	3788.5	85078.0
3789	3789.5	0
3790	3790.5	0
3791	3791.5	177640.0
3792	3792.5	62683.0
3793	3793.5	0
3794	3794.5	0
3795	3795.5	81524.0
3796	3796.5	0
3797	3797.5	0
3798	3798.5	0
3799	3799.5	0
3800	3800.5	86178.0
3801	3801.5	88593.0
3802	3802.5	0
3803	3803.5	0
3804	3804.5	97306.0
3805	3805.5	0
3806	3806.5	69596.0
3807	3807.5	0
3808	3808.5	0
3809	3809.5	100902.0
3810	3810.5	0
3811	3811.5	0
3812	3812.5	123268.0
3813	3813.5	0
3814	3814.5	0
3815	3815.5	0
3816	3816.5	86444.0
3817	3817.5	89303.0
3818	3818.5	0
3819	3819.5	123646.0
3820	3820.5	0
3821	3821.5	0
3822	3822.5	88979.0
3823	3823.5	0
3824	3824.5	0
3825	3825.5	0
3826	3826.5	0
3827	3827.5	0
3828	3828.5	0
3829	3829.5	0
3830	3830.5	104038.0
3831	3831.5	85218.0
3832	3832.5	0
3833	3833.5	0
3834	3834.5	0
3835	3835.5	66912.0
3836	3836.5	0
3837	3837.5	0
3838	3838.5	0
3839	3839.5	0
3840	3840.5	0
3841	3841.5	0
3842	3842.5	0
3843	3843.5	0
3844	3844.5	135554.0
3845	3845.5	0
3846	3846.5	96682.0
3847	3847.5	0
3848	3848.5	73662.0
3849	3849.5	0
3850	3850.5	0
3851	3851.5	0
3852	3852.5	0
3853	3853.5	0
3854	3854.5	0
3855	3855.5	0
3856	3856.5	0
3857	3857.5	0
3858	3858.5	0
3859	3859.5	0
3860	3860.5	0
3861	3861.5	0
3862	3862.5	86111.0
3863	3863.5	76961.0
3864	3864.5	0
3865	3865.5	0
3866	3866.5	95577.0
3867	3867.5	87738.0
3868	3868.5	0
3869	3869.5	0
3870	3870.5	0
3871	3871.5	0
3872	3872.5	0
3873	3873.5	0
3874	3874.5	0
3875	3875.5	0
3876	3876.5	0
3877	3877.5	84211.0
3878	3878.5	0
3879	3879.5	0
3880	3880.5	0
3881	3881.5	0
3882	3882.5	0
3883	3883.5	97805.0
3884	3884.5	0
3885	3885.5	0
3886	3886.5	96970.0
3887	3887.5	0
3888	3888.5	0
3889	3889.5	0
3890	3890.5	0
3891	3891.5	0
3892	3892.5	167632.0
3893	3893.5	0
3894	3894.5	70916.0
3895	3895.5	0
3896	3896.5	0
3897	3897.5	0
3898	3898.5	0
3899	3899.5	0
3900	3900.5	0
3901	3901.5	86957.0
3902	3902.5	0
3903	3903.5	0
3904	3904.5	77554.0
3905	3905.5	0
3906	3906.5	126092.0
3907	3907.5	0
3908	3908.5	0
3909	3909.5	0
3910	3910.5	0
3911	3911.5	0
3912	3912.5	60539.0
3913	3913.5	0
3914	3914.5	0
3915	3915.5	0
3916	3916.5	0
3917	3917.5	0
3918	3918.5	0
3919	3919.5	0
3920	3920.5	78151.0
3921	3921.5	0
3922	3922.5	0
3923	3923.5	0
3924	3924.5	0
3925	3925.5	0
3926	3926.5	89205.0
3927	3927.5	0
3928	3928.5	0
3929	3929.5	0
3930	3930.5	183143.0
3931	3931.5	158142.0
3932	3932.5	0
3933	3933.5	113674.0
3934	3934.5	0
3935	3935.5	0
3936	3936.5	75110.0
3937	3937.5	0
3938	3938.5	0
3939	3939.5	0
3940	3940.5	0
3941	3941.5	0
3942	3942.5	0
3943	3943.5	0
3944	3944.5	0
3945	3945.5	215328.0
3946	3946.5	0
3947	3947.5	0
3948	3948.5	81519.0
3949	3949.5	0
3950	3950.5	0
3951	3951.5	0
3952	3952.5	0
3953	3953.5	0
3954	3954.5	72873.0
3955	3955.5	0
3956	3956.5	0
3957	3957.5	0
3958	3958.5	95648.0
3959	3959.5	63698.0
3960	3960.5	0
3961	3961.5	0
3962	3962.5	0
3963	3963.5	0
3964	3964.5	0
3965	3965.5	81759.0
3966	3966.5	0
3967	3967.5	0
3968	3968.5	0
3969	3969.5	0
3970	3970.5	0
3971	3971.5	0
3972	3972.5	0
3973	3973.5	0
3974	3974.5	170154.0
3975	3975.5	110328.0
3976	3976.5	0
3977	3977.5	0
3978	3978.5	0
3979	3979.5	0
3980	3980.5	0
3981	3981.5	0
3982	3982.5	0
3983	3983.5	0
3984	3984.5	0
3985	3985.5	0
3986	3986.5	0
3987	3987.5	0
3988	3988.5	0
3989	3989.5	0
3990	3990.5	0
3991	3991.5	74041.0
3992	3992.5	0
3993	3993.5	86178.0
3994	3994.5	126617.0
3995	3995.5	0
3996	3996.5	0
3997	3997.5	0
3998	3998.5	0
3999	3999.5	0
4000	4000.5	0
4001	4001.5	0
4002	4002.5	0
4003	4003.5	79289.0
4004	4004.5	0
4005	4005.5	0
4006	4006.5	0
4007	4007.5	89689.0
4008	4008.5	0
4009	4009.5	0
4010	4010.5	0
4011	4011.5	0
4012	4012.5	0
4013	4013.5	0
4014	4014.5	116935.0
4015	4015.5	105108.0
4016	4016.5	0
4017	4017.5	0
4018	4018.5	0
4019	4019.5	0
4020	4020.5	0
4021	4021.5	0
4022	4022.5	0
4023	4023.5	0
4024	4024.5	0
4025	4025.5	83206.0
4026	4026.5	0
4027	4027.5	91936.0
4028	4028.5	0
4029	4029.5	0
4030	4030.5	101389.0
4031	4031.5	0
4032	4032.5	0
4033	4033.5	107939.0
4034	4034.5	0
4035	4035.5	88486.0
4036	4036.5	177128.0
4037	4037.5	0
4038	4038.5	82746.0
4039	4039.5	0
4040	4040.5	0
4041	4041.5	89824.0
4042	4042.5	0
4043	4043.5	0
4044	4044.5	87171.0
4045	4045.5	0
4046	4046.5	0
4047	4047.5	206320.0
4048	4048.5	0
4049	4049.5	0
4050	4050.5	0
4051	4051.5	0
4052	4052.5	0
4053	4053.5	0
4054	4054.5	0
4055	4055.5	0
4056	4056.5	0
4057	4057.5	0
4058	4058.5	0
4059	4059.5	0
4060	4060.5	0
4061	4061.5	0
4062	4062.5	0
4063	4063.5	0
4064	4064.5	240033.0
4065	4065.5	0
4066	4066.5	0
4067	4067.5	0
4068	4068.5	0
4069	4069.5	0
4070	4070.5	91614.0
4071	4071.5	0
4072	4072.5	0
4073	4073.5	0
4074	4074.5	98924.0
4075	4075.5	0
4076	4076.5	0
4077	4077.5	107606.0
4078	4078.5	103040.0
4079	4079.5	0
4080	4080.5	0
4081	4081.5	0
4082	4082.5	0
4083	4083.5	90743.0
4084	4084.5	0
4085	4085.5	104833.0
4086	4086.5	69614.0
4087	4087.5	0
4088	4088.5	71259.0
4089	4089.5	0
4090	4090.5	0
4091	4091.5	0
4092	4092.5	238485.0
4093	4093.5	0
4094	4094.5	0
4095	4095.5	0
4096	4096.5	0
4097	4097.5	0
4098	4098.5	0
4099	4099.5	0
4100	4100.5	0
4101	4101.5	0
4102	4102.5	0
4103	4103.5	0
4104	4104.5	0
4105	4105.5	89149.0
4106	4106.5	112175.0
4107	4107.5	0
4108	4108.5	253876.0
4109	4109.5	0
4110	4110.5	0
4111	4111.5	0
4112	4112.5	0
4113	4113.5	84725.0
4114	4114.5	0
4115	4115.5	0
4116	4116.5	0
4117	4117.5	0
4118	4118.5	104335.0
4119	4119.5	0
4120	4120.5	0
4121	4121.5	0
4122	4122.5	0
4123	4123.5	0
4124	4124.5	85234.0
4125	4125.5	0
4126	4126.5	0
4127	4127.5	137564.0
4128	4128.5	0
4129	4129.5	0
4130	4130.5	0
4131	4131.5	97879.0
4132	4132.5	0
4133	4133.5	0
4134	4134.5	0
4135	4135.5	107195.0
4136	4136.5	119087.0
4137	4137.5	101758.0
4138	4138.5	179001.0
4139	4139.5	0
4140	4140.5	0
4141	4141.5	0
4142	4142.5	0
4143	4143.5	142276.0
4144	4144.5	0
4145	4145.5	0
4146	4146.5	0
4147	4147.5	0
4148	4148.5	0
4149	4149.5	90851.0
4150	4150.5	0
4151	4151.5	164604.0
4152	4152.5	0
4153	4153.5	0
4154	4154.5	0
4155	4155.5	0
4156	4156.5	0
4157	4157.5	93456.0
4158	4158.5	0
4159	4159.5	0
4160	4160.5	0
4161	4161.5	0
4162	4162.5	0
4163	4163.5	0
4164	4164.5	161856.0
4165	4165.5	0
4166	4166.5	0
4167	4167.5	0
4168	4168.5	0
4169	4169.5	0
4170	4170.5	0
4171	4171.5	0
4172	4172.5	0
4173	4173.5	0
4174	4174.5	0
4175	4175.5	0
4176	4176.5	0
4177	4177.5	0
4178	4178.5	0
4179	4179.5	0
4180	4180.5	0
4181	4181.5	107424.0
4182	4182.5	0
4183	4183.5	0
4184	4184.5	0
4185	4185.5	0
4186	4186.5	0
4187	4187.5	0
4188	4188.5	0
4189	4189.5	0
4190	4190.5	0
4191	4191.5	84679.0
4192	4192.5	0
4193	4193.5	107995.0
4194	4194.5	0
4195	4195.5	0
4196	4196.5	0
4197	4197.5	0
4198	4198.5	0
4199	4199.5	0
4200	4200.5	0
4201	4201.5	0
4202	4202.5	0
4203	4203.5	0
4204	4204.5	0
4205	4205.5	0
4206	4206.5	0
4207	4207.5	0
4208	4208.5	0
4209	4209.5	95729.0
4210	4210.5	0
4211	4211.5	0
4212	4212.5	133049.0
4213	4213.5	88416.0
4214	4214.5	0
4215	4215.5	0
4216	4216.5	110447.0
4217	4217.5	107298.0
4218	4218.5	0
4219	4219.5	0
4220	4220.5	106050.0
4221	4221.5	0
4222	4222.5	0
4223	4223.5	0
4224	4224.5	0
4225	4225.5	0
4226	4226.5	0
4227	4227.5	232702.0
4228	4228.5	96999.0
4229	4229.5	0
4230	4230.5	0
4231	4231.5	0
4232	4232.5	100617.0
4233	4233.5	0
4234	4234.5	98889.0
4235	4235.5	0
4236	4236.5	0
4237	4237.5	0
4238	4238.5	0
4239	4239.5	0
4240	4240.5	0
4241	4241.5	0
4242	4242.5	0
4243	4243.5	0
4244	4244.5	0
4245	4245.5	0
4246	4246.5	0
4247	4247.5	0
4248	4248.5	0
4249	4249.5	0
4250	4250.5	0
4251	4251.5	0
4252	4252.5	0
4253	4253.5	0
4254	4254.5	0
4255	4255.5	0
4256	4256.5	0
4257	4257.5	0
4258	4258.5	0
4259	4259.5	232813.0
4260	4260.5	0
4261	4261.5	120257.0
4262	4262.5	0
4263	4263.5	0
4264	4264.5	0
4265	4265.5	0
4266	4266.5	0
4267	4267.5	0
4268	4268.5	150976.0
4269	4269.5	0
4270	4270.5	0
4271	4271.5	0
4272	4272.5	0
4273	4273.5	0
4274	4274.5	114723.0
4275	4275.5	0
4276	4276.5	0
4277	4277.5	0
4278	4278.5	0
4279	4279.5	0
4280	4280.5	0
4281	4281.5	0
4282	4282.5	0
4283	4283.5	0
4284	4284.5	0
4285	4285.5	0
4286	4286.5	0
4287	4287.5	0
4288	4288.5	0
4289	4289.5	107613.0
4290	4290.5	0
4291	4291.5	104505.0
4292	4292.5	0
4293	4293.5	0
4294	4294.5	112416.0
4295	4295.5	95156.0
4296	4296.5	0
4297	4297.5	0
4298	4298.5	0
4299	4299.5	0
4300	4300.5	0
4301	4301.5	81362.0
4302	4302.5	0
4303	4303.5	0
4304	4304.5	0
4305	4305.5	0
4306	4306.5	0
4307	4307.5	106148.0
4308	4308.5	0
4309	4309.5	0
4310	4310.5	127834.0
4311	4311.5	0
4312	4312.5	0
4313	4313.5	0
4314	4314.5	0
4315	4315.5	113009.0
4316	4316.5	0
4317	4317.5	0
4318	4318.5	0
4319	4319.5	93206.0
4320	4320.5	0
4321	4321.5	0
4322	4322.5	0
4323	4323.5	0
4324	4324.5	0
4325	4325.5	0
4326	4326.5	0
4327	4327.5	0
4328	4328.5	0
4329	4329.5	0
4330	4330.5	0
4331	4331.5	0
4332	4332.5	0
4333	4333.5	145730.0
4334	4334.5	0
4335	4335.5	0
4336	4336.5	0
4337	4337.5	0
4338	4338.5	0
4339	4339.5	0
4340	4340.5	0
4341	4341.5	0
4342	4342.5	0
4343	4343.5	0
4344	4344.5	223569.0
4345	4345.5	0
4346	4346.5	0
4347	4347.5	0
4348	4348.5	0
4349	4349.5	78450.0
4350	4350.5	0
4351	4351.5	0
4352	4352.5	0
4353	4353.5	0
4354	4354.5	122949.0
4355	4355.5	0
4356	4356.5	105051.0
4357	4357.5	0
4358	4358.5	104299.0
4359	4359.5	0
4360	4360.5	125809.0
4361	4361.5	0
4362	4362.5	0
4363	4363.5	0
4364	4364.5	0
4365	4365.5	99215.0
4366	4366.5	0
4367	4367.5	0
4368	4368.5	0
4369	4369.5	0
4370	4370.5	0
4371	4371.5	0
4372	4372.5	102093.0
4373	4373.5	0
4374	4374.5	77843.0
4375	4375.5	0
4376	4376.5	98377.0
4377	4377.5	0
4378	4378.5	0
4379	4379.5	0
4380	4380.5	301625.0
4381	4381.5	0
4382	4382.5	166830.0
4383	4383.5	0
4384	4384.5	0
4385	4385.5	0
4386	4386.5	131807.0
4387	4387.5	0
4388	4388.5	334079.0
4389	4389.5	0
4390	4390.5	0
4391	4391.5	0
4392	4392.5	0
4393	4393.5	0
4394	4394.5	0
4395	4395.5	0
4396	4396.5	87868.0
4397	4397.5	0
4398	4398.5	0
4399	4399.5	0
4400	4400.5	0
4401	4401.5	0
4402	4402.5	0
4403	4403.5	0
4404	4404.5	0
4405	4405.5	0
4406	4406.5	0
4407	4407.5	0
4408	4408.5	0
4409	4409.5	0
4410	4410.5	118901.0
4411	4411.5	0
4412	4412.5	0
4413	4413.5	0
4414	4414.5	123026.0
4415	4415.5	96881.0
4416	4416.5	0
4417	4417.5	0
4418	4418.5	0
4419	4419.5	122903.0
4420	4420.5	0
4421	4421.5	0
4422	4422.5	0
4423	4423.5	190844.0
4424	4424.5	0
4425	4425.5	0
4426	4426.5	0
4427	4427.5	0
4428	4428.5	0
4429	4429.5	0
4430	4430.5	0
4431	4431.5	0
4432	4432.5	0
4433	4433.5	0
4434	4434.5	0
4435	4435.5	0
4436	4436.5	104253.0
4437	4437.5	0
4438	4438.5	0
4439	4439.5	0
4440	4440.5	140995.0
4441	4441.5	0
4442	4442.5	0
4443	4443.5	119626.0
4444	4444.5	197241.0
4445	4445.5	0
4446	4446.5	0
4447	4447.5	0
4448	4448.5	0
4449	4449.5	0
4450	4450.5	0
4451	4451.5	0
4452	4452.5	132534.0
4453	4453.5	93241.0
4454	4454.5	0
4455	4455.5	0
4456	4456.5	0
4457	4457.5	0
4458	4458.5	0
4459	4459.5	0
4460	4460.5	142606.0
4461	4461.5	0
4462	4462.5	103797.0
4463	4463.5	106600.0
4464	4464.5	0
4465	4465.5	0
4466	4466.5	236642.0
4467	4467.5	0
4468	4468.5	0
4469	4469.5	0
4470	4470.5	0
4471	4471.5	0
4472	4472.5	0
4473	4473.5	0
4474	4474.5	0
4475	4475.5	90618.0
4476	4476.5	0
4477	4477.5	0
4478	4478.5	0
4479	4479.5	198585.0
4480	4480.5	0
4481	4481.5	0
4482	4482.5	0
4483	4483.5	0
4484	4484.5	0
4485	4485.5	0
4486	4486.5	0
4487	4487.5	0
4488	4488.5	0
4489	4489.5	0
4490	4490.5	0
4491	4491.5	0
4492	4492.5	0
4493	4493.5	126605.0
4494	4494.5	0
4495	4495.5	0
4496	4496.5	0
4497	4497.5	0
4498	4498.5	0
4499	4499.5	0
4500	4500.5	0
4501	4501.5	0
4502	4502.5	0
4503	4503.5	0
4504	4504.5	92664.0
4505	4505.5	0
4506	4506.5	0
4507	4507.5	0
4508	4508.5	0
4509	4509.5	0
4510	4510.5	0
4511	4511.5	154469.0
4512	4512.5	124231.0
4513	4513.5	0
4514	4514.5	0
4515	4515.5	235490.0
4516	4516.5	0
4517	4517.5	0
4518	4518.5	0
4519	4519.5	0
4520	4520.5	0
4521	4521.5	0
4522	4522.5	0
4523	4523.5	0
4524	4524.5	0
4525	4525.5	85524.0
4526	4526.5	152522.0
4527	4527.5	0
4528	4528.5	0
4529	4529.5	0
4530	4530.5	0
4531	4531.5	0
4532	4532.5	0
4533	4533.5	0
4534	4534.5	0
4535	4535.5	0
4536	4536.5	0
4537	4537.5	0
4538	4538.5	131990.0
4539	4539.5	0
4540	4540.5	0
4541	4541.5	0
4542	4542.5	0
4543	4543.5	143435.0
4544	4544.5	0
4545	4545.5	0
4546	4546.5	0
4547	4547.5	0
4548	4548.5	0
4549	4549.5	0
4550	4550.5	0
4551	4551.5	0
4552	4552.5	112515.0
4553	4553.5	0
4554	4554.5	0
4555	4555.5	0
4556	4556.5	0
4557	4557.5	0
4558	4558.5	0
4559	4559.5	0
4560	4560.5	0
4561	4561.5	0
4562	4562.5	0
4563	4563.5	0
4564	4564.5	0
4565	4565.5	0
4566	4566.5	135565.0
4567	4567.5	122074.0
4568	4568.5	0
4569	4569.5	0
4570	4570.5	0
4571	4571.5	0
4572	4572.5	102707.0
4573	4573.5	0
4574	4574.5	0
4575	4575.5	0
4576	4576.5	0
4577	4577.5	0
4578	4578.5	0
4579	4579.5	130762.0
4580	4580.5	0
4581	4581.5	114659.0
4582	4582.5	97669.0
4583	4583.5	0
4584	4584.5	0
4585	4585.5	0
4586	4586.5	0
4587	4587.5	0
4588	4588.5	0
4589	4589.5	0
4590	4590.5	0
4591	4591.5	0
4592	4592.5	0
4593	4593.5	291148.0
4594	4594.5	0
4595	4595.5	0
4596	4596.5	120688.0
4597	4597.5	0
4598	4598.5	0
4599	4599.5	0
4600	4600.5	0
4601	4601.5	94733.0
4602	4602.5	0
4603	4603.5	0
4604	4604.5	0
4605	4605.5	0
4606	4606.5	0
4607	4607.5	0
4608	4608.5	106823.0
4609	4609.5	136708.0
4610	4610.5	0
4611	4611.5	0
4612	4612.5	0
4613	4613.5	0
4614	4614.5	0
4615	4615.5	0
4616	4616.5	0
4617	4617.5	0
4618	4618.5	0
4619	4619.5	0
4620	4620.5	0
4621	4621.5	0
4622	4622.5	0
4623	4623.5	0
4624	4624.5	0
4625	4625.5	0
4626	4626.5	0
4627	4627.5	0
4628	4628.5	0
4629	4629.5	111886.0
4630	4630.5	0
4631	4631.5	0
4632	4632.5	0
4633	4633.5	0
4634	4634.5	0
4635	4635.5	0
4636	4636.5	0
4637	4637.5	0
4638	4638.5	0
4639	4639.5	0
4640	4640.5	0
4641	4641.5	0
4642	4642.5	0
4643	4643.5	0
4644	4644.5	0
4645	4645.5	0
4646	4646.5	0
4647	4647.5	0
4648	4648.5	0
4649	4649.5	0
4650	4650.5	0
4651	4651.5	131139.0
4652	4652.5	0
4653	4653.5	0
4654	4654.5	0
4655	4655.5	110570.0
4656	4656.5	0
4657	4657.5	0
4658	4658.5	0
4659	4659.5	0
4660	4660.5	105583.0
4661	4661.5	0
4662	4662.5	0
4663	4663.5	0
4664	4664.5	0
4665	4665.5	229445.0
4666	4666.5	0
4667	4667.5	0
4668	4668.5	0
4669	4669.5	0
4670	4670.5	85987.0
4671	4671.5	100473.0
4672	4672.5	0
4673	4673.5	0
4674	4674.5	0
4675	4675.5	113814.0
4676	4676.5	0
4677	4677.5	0
4678	4678.5	149598.0
4679	4679.5	0
4680	4680.5	0
4681	4681.5	130623.0
4682	4682.5	101831.0
4683	4683.5	0
4684	4684.5	163983.0
4685	4685.5	0
4686	4686.5	0
4687	4687.5	0
4688	4688.5	0
4689	4689.5	142451.0
4690	4690.5	0
4691	4691.5	0
4692	4692.5	129328.0
4693	4693.5	105645.0
4694	4694.5	109679.0
4695	4695.5	0
4696	4696.5	0
4697	4697.5	0
4698	4698.5	0
4699	4699.5	0
4700	4700.5	0
4701	4701.5	90129.0
4702	4702.5	0
4703	4703.5	0
4704	4704.5	0
4705	4705.5	0
4706	4706.5	109308.0
4707	4707.5	0
4708	4708.5	139895.0
4709	4709.5	0
4710	4710.5	0
4711	4711.5	0
4712	4712.5	0
4713	4713.5	0
4714	4714.5	0
4715	4715.5	0
4716	4716.5	0
4717	4717.5	0
4718	4718.5	0
4719	4719.5	0
4720	4720.5	0
4721	4721.5	0
4722	4722.5	80224.0
4723	4723.5	0
4724	4724.5	0
4725	4725.5	0
4726	4726.5	0
4727	4727.5	124620.0
4728	4728.5	0
4729	4729.5	167541.0
4730	4730.5	0
4731	4731.5	0
4732	4732.5	0
4733	4733.5	0
4734	4734.5	109773.0
4735	4735.5	0
4736	4736.5	119132.0
4737	4737.5	0
4738	4738.5	0
4739	4739.5	0
4740	4740.5	0
4741	4741.5	0
4742	4742.5	0
4743	4743.5	0
4744	4744.5	0
4745	4745.5	0
4746	4746.5	0
4747	4747.5	0
4748	4748.5	0
4749	4749.5	0
4750	4750.5	0
4751	4751.5	0
4752	4752.5	0
4753	4753.5	0
4754	4754.5	0
4755	4755.5	0
4756	4756.5	0
4757	4757.5	0
4758	4758.5	0
4759	4759.5	0
4760	4760.5	85451.0
4761	4761.5	0
4762	4762.5	0
4763	4763.5	0
4764	4764.5	0
4765	4765.5	0
4766	4766.5	0
4767	4767.5	0
4768	4768.5	0
4769	4769.5	0
4770	4770.5	0
4771	4771.5	0
4772	4772.5	0
4773	4773.5	0
4774	4774.5	0
4775	4775.5	0
4776	4776.5	0
4777	4777.5	0
4778	4778.5	0
4779	4779.5	0
4780	4780.5	0
4781	4781.5	0
4782	4782.5	0
4783	4783.5	0
4784	4784.5	0
4785	4785.5	0
4786	4786.5	0
4787	4787.5	0
4788	4788.5	0
4789	4789.5	0
4790	4790.5	0
4791	4791.5	0
4792	4792.5	0
4793	4793.5	0
4794	4794.5	0
4795	4795.5	0
4796	4796.5	216030.0
4797	4797.5	0
4798	4798.5	0
4799	4799.5	0
4800	4800.5	0
4801	4801.5	0
4802	4802.5	0
4803	4803.5	0
4804	4804.5	0
4805	4805.5	0
4806	4806.5	0
4807	4807.5	0
4808	4808.5	0
4809	4809.5	0
4810	4810.5	127394.0
4811	4811.5	0
4812	4812.5	0
4813	4813.5	0
4814	4814.5	0
4815	4815.5	0
4816	4816.5	0
4817	4817.5	0
4818	4818.5	0
4819	4819.5	0
4820	4820.5	0
4821	4821.5	0
4822	4822.5	0
4823	4823.5	0
4824	4824.5	0
4825	4825.5	0
4826	4826.5	0
4827	4827.5	0
4828	4828.5	0
4829	4829.5	0
4830	4830.5	0
4831	4831.5	0
4832	4832.5	0
4833	4833.5	0
4834	4834.5	0
4835	4835.5	0
4836	4836.5	0
4837	4837.5	0
4838	4838.5	131378.0
4839	4839.5	0
4840	4840.5	0
4841	4841.5	0
4842	4842.5	0
4843	4843.5	119516.0
4844	4844.5	0
4845	4845.5	0
4846	4846.5	0
4847	4847.5	153729.0
4848	4848.5	0
4849	4849.5	0
4850	4850.5	0
4851	4851.5	0
4852	4852.5	0
4853	4853.5	147517.0
4854	4854.5	0
4855	4855.5	0
4856	4856.5	0
4857	4857.5	0
4858	4858.5	0
4859	4859.5	0
4860	4860.5	0
4861	4861.5	0
4862	4862.5	0
4863	4863.5	0
4864	4864.5	0
4865	4865.5	132165.0
4866	4866.5	0
4867	4867.5	0
4868	4868.5	0
4869	4869.5	0
4870	4870.5	0
4871	4871.5	0
4872	4872.5	0
4873	4873.5	121148.0
4874	4874.5	0
4875	4875.5	135734.0
4876	4876.5	0
4877	4877.5	0
4878	4878.5	0
4879	4879.5	224718.0
4880	4880.5	0
4881	4881.5	0
4882	4882.5	0
4883	4883.5	0
4884	4884.5	0
4885	4885.5	0
4886	4886.5	0
4887	4887.5	124169.0
4888	4888.5	0
4889	4889.5	0
4890	4890.5	117413.0
4891	4891.5	0
4892	4892.5	0
4893	4893.5	0
4894	4894.5	0
4895	4895.5	0
4896	4896.5	0
4897	4897.5	0
4898	4898.5	0
4899	4899.5	0
4900	4900.5	0
4901	4901.5	0
4902	4902.5	0
4903	4903.5	0
4904	4904.5	161838.0
4905	4905.5	0
4906	4906.5	0
4907	4907.5	0
4908	4908.5	0
4909	4909.5	0
4910	4910.5	0
4911	4911.5	0
4912	4912.5	0
4913	4913.5	0
4914	4914.5	0
4915	4915.5	124766.0
4916	4916.5	0
4917	4917.5	0
4918	4918.5	0
4919	4919.5	112150.0
4920	4920.5	0
4921	4921.5	0
4922	4922.5	0
4923	4923.5	0
4924	4924.5	0
4925	4925.5	0
4926	4926.5	0
4927	4927.5	0
4928	4928.5	179494.0
4929	4929.5	236543.0
4930	4930.5	0
4931	4931.5	0
4932	4932.5	0
4933	4933.5	0
4934	4934.5	0
4935	4935.5	0
4936	4936.5	120966.0
4937	4937.5	0
4938	4938.5	0
4939	4939.5	156935.0
4940	4940.5	0
4941	4941.5	126127.0
4942	4942.5	0
4943	4943.5	0
4944	4944.5	0
4945	4945.5	0
4946	4946.5	0
4947	4947.5	0
4948	4948.5	310635.0
4949	4949.5	0
4950	4950.5	0
4951	4951.5	0
4952	4952.5	0
4953	4953.5	0
4954	4954.5	0
4955	4955.5	0
4956	4956.5	0
4957	4957.5	0
4958	4958.5	0
4959	4959.5	0
4960	4960.5	0
4961	4961.5	0
4962	4962.5	114357.0
4963	4963.5	0
4964	4964.5	0
4965	4965.5	0
4966	4966.5	134171.0
4967	4967.5	0
4968	4968.5	0
4969	4969.5	0
4970	4970.5	0
4971	4971.5	0
4972	4972.5	0
4973	4973.5	0
4974	4974.5	109970.0
4975	4975.5	106931.0
4976	4976.5	0
4977	4977.5	0
4978	4978.5	0
4979	4979.5	0
4980	4980.5	0
4981	4981.5	0
4982	4982.5	99853.0
4983	4983.5	128934.0
4984	4984.5	0
4985	4985.5	0
4986	4986.5	0
4987	4987.5	0
4988	4988.5	0
4989	4989.5	0
4990	4990.5	0
4991	4991.5	0
4992	4992.5	0
4993	4993.5	0
4994	4994.5	0
4995	4995.5	0
4996	4996.5	0
4997	4997.5	0
4998	4998.5	0
4999	4999.5	706011389.0
