0	0.5	0
1	1.5	13931
2	2.5	11361
3	3.5	13372
4	4.5	19086
5	5.5	23839
6	6.5	24185
7	7.5	21626
8	8.5	16925
9	9.5	12580
10	10.5	9751
11	11.5	7825
12	12.5	6813
13	13.5	5865
14	14.5	5132
15	15.5	4635
16	16.5	4165
17	17.5	3714
18	18.5	3308
19	19.5	3117
20	20.5	2715
21	21.5	2613
22	22.5	2489
23	23.5	2204
24	24.5	2025
25	25.5	1878
26	26.5	1828
27	27.5	1795
28	28.5	1653
29	29.5	1437
30	30.5	1420
31	31.5	1395
32	32.5	1318
33	33.5	1262
34	34.5	1168
35	35.5	1105
36	36.5	1147
37	37.5	1073
38	38.5	1052
39	39.5	989
40	40.5	925
41	41.5	894
42	42.5	836
43	43.5	835
44	44.5	818
45	45.5	781
46	46.5	743
47	47.5	718
48	48.5	675
49	49.5	667
50	50.5	631
51	51.5	640
52	52.5	624
53	53.5	541
54	54.5	614
55	55.5	561
56	56.5	551
57	57.5	535
58	58.5	561
59	59.5	494
60	60.5	512
61	61.5	482
62	62.5	472
63	63.5	485
64	64.5	443
65	65.5	449
66	66.5	443
67	67.5	396
68	68.5	386
69	69.5	417
70	70.5	351
71	71.5	383
72	72.5	373
73	73.5	365
74	74.5	376
75	75.5	331
76	76.5	328
77	77.5	315
78	78.5	352
79	79.5	331
80	80.5	299
81	81.5	304
82	82.5	299
83	83.5	305
84	84.5	296
85	85.5	266
86	86.5	286
87	87.5	261
88	88.5	250
89	89.5	269
90	90.5	267
91	91.5	253
92	92.5	240
93	93.5	244
94	94.5	244
95	95.5	238
96	96.5	269
97	97.5	239
98	98.5	222
99	99.5	239
100	100.5	224
101	101.5	186
102	102.5	224
103	103.5	227
104	104.5	211
105	105.5	253
106	106.5	213
107	107.5	211
108	108.5	208
109	109.5	189
110	110.5	203
111	111.5	206
112	112.5	178
113	113.5	171
114	114.5	181
115	115.5	191
116	116.5	173
117	117.5	184
118	118.5	152
119	119.5	192
120	120.5	162
121	121.5	171
122	122.5	162
123	123.5	157
124	124.5	166
125	125.5	153
126	126.5	181
127	127.5	167
128	128.5	166
129	129.5	164
130	130.5	176
131	131.5	151
132	132.5	162
133	133.5	169
134	134.5	155
135	135.5	153
136	136.5	126
137	137.5	132
138	138.5	142
139	139.5	126
140	140.5	135
141	141.5	138
142	142.5	134
143	143.5	139
144	144.5	144
145	145.5	129
146	146.5	119
147	147.5	132
148	148.5	117
149	149.5	91
150	150.5	128
151	151.5	121
152	152.5	156
153	153.5	106
154	154.5	125
155	155.5	104
156	156.5	108
157	157.5	114
158	158.5	110
159	159.5	103
160	160.5	118
161	161.5	119
162	162.5	110
163	163.5	94
164	164.5	86
165	165.5	96
166	166.5	90
167	167.5	97
168	168.5	106
169	169.5	109
170	170.5	98
171	171.5	110
172	172.5	103
173	173.5	108
174	174.5	115
175	175.5	84
176	176.5	90
177	177.5	97
178	178.5	98
179	179.5	84
180	180.5	79
181	181.5	91
182	182.5	84
183	183.5	98
184	184.5	86
185	185.5	94
186	186.5	84
187	187.5	89
188	188.5	90
189	189.5	82
190	190.5	79
191	191.5	93
192	192.5	81
193	193.5	89
194	194.5	84
195	195.5	90
196	196.5	83
197	197.5	85
198	198.5	75
199	199.5	78
200	200.5	82
201	201.5	89
202	202.5	83
203	203.5	61
204	204.5	79
205	205.5	80
206	206.5	79
207	207.5	83
208	208.5	62
209	209.5	71
210	210.5	63
211	211.5	79
212	212.5	58
213	213.5	70
214	214.5	69
215	215.5	62
216	216.5	69
217	217.5	68
218	218.5	60
219	219.5	67
220	220.5	66
221	221.5	67
222	222.5	52
223	223.5	81
224	224.5	66
225	225.5	75
226	226.5	68
227	227.5	67
228	228.5	54
229	229.5	71
230	230.5	74
231	231.5	65
232	232.5	55
233	233.5	58
234	234.5	51
235	235.5	46
236	236.5	50
237	237.5	60
238	238.5	68
239	239.5	52
240	240.5	72
241	241.5	57
242	242.5	67
243	243.5	50
244	244.5	44
245	245.5	46
246	246.5	50
247	247.5	47
248	248.5	59
249	249.5	68
250	250.5	56
251	251.5	67
252	252.5	55
253	253.5	56
254	254.5	55
255	255.5	53
256	256.5	60
257	257.5	58
258	258.5	59
259	259.5	51
260	260.5	55
261	261.5	49
262	262.5	57
263	263.5	56
264	264.5	67
265	265.5	48
266	266.5	50
267	267.5	65
268	268.5	45
269	269.5	50
270	270.5	38
271	271.5	55
272	272.5	44
273	273.5	38
274	274.5	44
275	275.5	56
276	276.5	44
277	277.5	39
278	278.5	52
279	279.5	44
280	280.5	45
281	281.5	38
282	282.5	46
283	283.5	50
284	284.5	48
285	285.5	47
286	286.5	43
287	287.5	43
288	288.5	49
289	289.5	52
290	290.5	43
291	291.5	44
292	292.5	50
293	293.5	38
294	294.5	49
295	295.5	38
296	296.5	38
297	297.5	36
298	298.5	32
299	299.5	44
300	300.5	42
301	301.5	36
302	302.5	38
303	303.5	45
304	304.5	31
305	305.5	39
306	306.5	40
307	307.5	39
308	308.5	42
309	309.5	38
310	310.5	29
311	311.5	46
312	312.5	41
313	313.5	40
314	314.5	38
315	315.5	40
316	316.5	45
317	317.5	44
318	318.5	35
319	319.5	40
320	320.5	29
321	321.5	38
322	322.5	43
323	323.5	36
324	324.5	39
325	325.5	43
326	326.5	35
327	327.5	34
328	328.5	33
329	329.5	34
330	330.5	34
331	331.5	29
332	332.5	27
333	333.5	36
334	334.5	33
335	335.5	30
336	336.5	29
337	337.5	35
338	338.5	28
339	339.5	27
340	340.5	28
341	341.5	25
342	342.5	31
343	343.5	22
344	344.5	33
345	345.5	25
346	346.5	31
347	347.5	36
348	348.5	33
349	349.5	35
350	350.5	24
351	351.5	34
352	352.5	37
353	353.5	29
354	354.5	30
355	355.5	30
356	356.5	24
357	357.5	31
358	358.5	49
359	359.5	35
360	360.5	28
361	361.5	30
362	362.5	34
363	363.5	29
364	364.5	25
365	365.5	37
366	366.5	32
367	367.5	24
368	368.5	28
369	369.5	32
370	370.5	27
371	371.5	37
372	372.5	25
373	373.5	34
374	374.5	33
375	375.5	33
376	376.5	30
377	377.5	26
378	378.5	24
379	379.5	22
380	380.5	22
381	381.5	28
382	382.5	28
383	383.5	23
384	384.5	26
385	385.5	21
386	386.5	24
387	387.5	35
388	388.5	24
389	389.5	34
390	390.5	28
391	391.5	30
392	392.5	21
393	393.5	28
394	394.5	26
395	395.5	33
396	396.5	24
397	397.5	27
398	398.5	28
399	399.5	23
400	400.5	17
401	401.5	24
402	402.5	25
403	403.5	28
404	404.5	30
405	405.5	26
406	406.5	20
407	407.5	15
408	408.5	20
409	409.5	22
410	410.5	18
411	411.5	25
412	412.5	24
413	413.5	21
414	414.5	23
415	415.5	21
416	416.5	28
417	417.5	23
418	418.5	31
419	419.5	21
420	420.5	16
421	421.5	23
422	422.5	23
423	423.5	19
424	424.5	22
425	425.5	18
426	426.5	21
427	427.5	16
428	428.5	27
429	429.5	16
430	430.5	16
431	431.5	23
432	432.5	18
433	433.5	20
434	434.5	13
435	435.5	23
436	436.5	25
437	437.5	26
438	438.5	20
439	439.5	23
440	440.5	25
441	441.5	18
442	442.5	21
443	443.5	25
444	444.5	24
445	445.5	22
446	446.5	25
447	447.5	27
448	448.5	21
449	449.5	19
450	450.5	23
451	451.5	27
452	452.5	25
453	453.5	31
454	454.5	23
455	455.5	25
456	456.5	29
457	457.5	22
458	458.5	14
459	459.5	14
460	460.5	21
461	461.5	14
462	462.5	25
463	463.5	25
464	464.5	22
465	465.5	17
466	466.5	15
467	467.5	23
468	468.5	23
469	469.5	21
470	470.5	21
471	471.5	23
472	472.5	27
473	473.5	23
474	474.5	16
475	475.5	20
476	476.5	23
477	477.5	17
478	478.5	18
479	479.5	13
480	480.5	14
481	481.5	19
482	482.5	16
483	483.5	17
484	484.5	21
485	485.5	20
486	486.5	20
487	487.5	16
488	488.5	15
489	489.5	12
490	490.5	27
491	491.5	15
492	492.5	15
493	493.5	20
494	494.5	17
495	495.5	15
496	496.5	15
497	497.5	14
498	498.5	23
499	499.5	14
500	500.5	26
501	501.5	15
502	502.5	15
503	503.5	16
504	504.5	13
505	505.5	21
506	506.5	12
507	507.5	22
508	508.5	19
509	509.5	10
510	510.5	19
511	511.5	18
512	512.5	15
513	513.5	14
514	514.5	12
515	515.5	19
516	516.5	19
517	517.5	11
518	518.5	24
519	519.5	11
520	520.5	11
521	521.5	11
522	522.5	20
523	523.5	13
524	524.5	19
525	525.5	13
526	526.5	18
527	527.5	15
528	528.5	12
529	529.5	16
530	530.5	14
531	531.5	14
532	532.5	10
533	533.5	13
534	534.5	17
535	535.5	19
536	536.5	9
537	537.5	17
538	538.5	17
539	539.5	11
540	540.5	22
541	541.5	9
542	542.5	19
543	543.5	15
544	544.5	17
545	545.5	20
546	546.5	15
547	547.5	16
548	548.5	27
549	549.5	17
550	550.5	14
551	551.5	9
552	552.5	13
553	553.5	30
554	554.5	20
555	555.5	18
556	556.5	16
557	557.5	23
558	558.5	9
559	559.5	11
560	560.5	9
561	561.5	8
562	562.5	12
563	563.5	15
564	564.5	9
565	565.5	15
566	566.5	19
567	567.5	15
568	568.5	17
569	569.5	9
570	570.5	12
571	571.5	11
572	572.5	17
573	573.5	21
574	574.5	12
575	575.5	18
576	576.5	18
577	577.5	12
578	578.5	15
579	579.5	16
580	580.5	8
581	581.5	14
582	582.5	15
583	583.5	16
584	584.5	14
585	585.5	11
586	586.5	14
587	587.5	13
588	588.5	17
589	589.5	12
590	590.5	18
591	591.5	17
592	592.5	8
593	593.5	12
594	594.5	15
595	595.5	9
596	596.5	11
597	597.5	11
598	598.5	13
599	599.5	18
600	600.5	15
601	601.5	16
602	602.5	13
603	603.5	14
604	604.5	11
605	605.5	14
606	606.5	15
607	607.5	14
608	608.5	9
609	609.5	7
610	610.5	11
611	611.5	10
612	612.5	11
613	613.5	12
614	614.5	12
615	615.5	13
616	616.5	11
617	617.5	10
618	618.5	9
619	619.5	14
620	620.5	9
621	621.5	9
622	622.5	12
623	623.5	16
624	624.5	11
625	625.5	14
626	626.5	5
627	627.5	6
628	628.5	11
629	629.5	13
630	630.5	9
631	631.5	16
632	632.5	10
633	633.5	10
634	634.5	7
635	635.5	7
636	636.5	8
637	637.5	6
638	638.5	11
639	639.5	10
640	640.5	14
641	641.5	4
642	642.5	9
643	643.5	10
644	644.5	11
645	645.5	11
646	646.5	7
647	647.5	11
648	648.5	14
649	649.5	11
650	650.5	13
651	651.5	17
652	652.5	12
653	653.5	21
654	654.5	12
655	655.5	3
656	656.5	7
657	657.5	6
658	658.5	21
659	659.5	9
660	660.5	8
661	661.5	10
662	662.5	7
663	663.5	7
664	664.5	13
665	665.5	13
666	666.5	16
667	667.5	11
668	668.5	8
669	669.5	11
670	670.5	11
671	671.5	19
672	672.5	8
673	673.5	10
674	674.5	13
675	675.5	11
676	676.5	8
677	677.5	11
678	678.5	8
679	679.5	11
680	680.5	9
681	681.5	8
682	682.5	3
683	683.5	14
684	684.5	11
685	685.5	10
686	686.5	13
687	687.5	7
688	688.5	7
689	689.5	11
690	690.5	1
691	691.5	7
692	692.5	16
693	693.5	7
694	694.5	10
695	695.5	9
696	696.5	12
697	697.5	10
698	698.5	5
699	699.5	15
700	700.5	11
701	701.5	8
702	702.5	7
703	703.5	8
704	704.5	6
705	705.5	7
706	706.5	11
707	707.5	6
708	708.5	9
709	709.5	6
710	710.5	9
711	711.5	5
712	712.5	10
713	713.5	10
714	714.5	9
715	715.5	9
716	716.5	13
717	717.5	4
718	718.5	8
719	719.5	13
720	720.5	9
721	721.5	6
722	722.5	13
723	723.5	5
724	724.5	10
725	725.5	14
726	726.5	8
727	727.5	11
728	728.5	6
729	729.5	6
730	730.5	4
731	731.5	10
732	732.5	7
733	733.5	6
734	734.5	13
735	735.5	7
736	736.5	8
737	737.5	10
738	738.5	12
739	739.5	8
740	740.5	9
741	741.5	7
742	742.5	9
743	743.5	12
744	744.5	7
745	745.5	8
746	746.5	9
747	747.5	3
748	748.5	6
749	749.5	7
750	750.5	10
751	751.5	7
752	752.5	5
753	753.5	9
754	754.5	9
755	755.5	5
756	756.5	10
757	757.5	6
758	758.5	4
759	759.5	3
760	760.5	10
761	761.5	6
762	762.5	9
763	763.5	11
764	764.5	6
765	765.5	5
766	766.5	9
767	767.5	9
768	768.5	6
769	769.5	10
770	770.5	9
771	771.5	8
772	772.5	10
773	773.5	6
774	774.5	6
775	775.5	8
776	776.5	12
777	777.5	12
778	778.5	6
779	779.5	8
780	780.5	4
781	781.5	9
782	782.5	7
783	783.5	12
784	784.5	7
785	785.5	3
786	786.5	11
787	787.5	10
788	788.5	9
789	789.5	6
790	790.5	6
791	791.5	4
792	792.5	7
793	793.5	7
794	794.5	8
795	795.5	5
796	796.5	2
797	797.5	8
798	798.5	5
799	799.5	13
800	800.5	4
801	801.5	7
802	802.5	5
803	803.5	12
804	804.5	5
805	805.5	6
806	806.5	9
807	807.5	6
808	808.5	11
809	809.5	11
810	810.5	6
811	811.5	5
812	812.5	9
813	813.5	10
814	814.5	6
815	815.5	9
816	816.5	5
817	817.5	3
818	818.5	6
819	819.5	10
820	820.5	5
821	821.5	3
822	822.5	4
823	823.5	9
824	824.5	12
825	825.5	5
826	826.5	8
827	827.5	4
828	828.5	5
829	829.5	5
830	830.5	5
831	831.5	6
832	832.5	8
833	833.5	3
834	834.5	7
835	835.5	9
836	836.5	9
837	837.5	9
838	838.5	5
839	839.5	3
840	840.5	6
841	841.5	10
842	842.5	6
843	843.5	9
844	844.5	7
845	845.5	11
846	846.5	1
847	847.5	7
848	848.5	2
849	849.5	7
850	850.5	1
851	851.5	5
852	852.5	9
853	853.5	6
854	854.5	6
855	855.5	4
856	856.5	4
857	857.5	4
858	858.5	6
859	859.5	2
860	860.5	9
861	861.5	9
862	862.5	10
863	863.5	8
864	864.5	8
865	865.5	6
866	866.5	9
867	867.5	3
868	868.5	6
869	869.5	7
870	870.5	11
871	871.5	8
872	872.5	9
873	873.5	10
874	874.5	5
875	875.5	3
876	876.5	6
877	877.5	7
878	878.5	1
879	879.5	10
880	880.5	7
881	881.5	15
882	882.5	3
883	883.5	4
884	884.5	4
885	885.5	5
886	886.5	5
887	887.5	11
888	888.5	7
889	889.5	8
890	890.5	8
891	891.5	7
892	892.5	5
893	893.5	12
894	894.5	5
895	895.5	2
896	896.5	4
897	897.5	7
898	898.5	14
899	899.5	2
900	900.5	2
901	901.5	9
902	902.5	9
903	903.5	11
904	904.5	7
905	905.5	6
906	906.5	4
907	907.5	5
908	908.5	6
909	909.5	5
910	910.5	4
911	911.5	6
912	912.5	6
913	913.5	6
914	914.5	6
915	915.5	5
916	916.5	8
917	917.5	8
918	918.5	1
919	919.5	6
920	920.5	5
921	921.5	2
922	922.5	9
923	923.5	7
924	924.5	6
925	925.5	10
926	926.5	6
927	927.5	8
928	928.5	4
929	929.5	5
930	930.5	10
931	931.5	8
932	932.5	6
933	933.5	7
934	934.5	8
935	935.5	6
936	936.5	7
937	937.5	6
938	938.5	4
939	939.5	3
940	940.5	6
941	941.5	5
942	942.5	3
943	943.5	10
944	944.5	7
945	945.5	3
946	946.5	6
947	947.5	7
948	948.5	6
949	949.5	3
950	950.5	2
951	951.5	3
952	952.5	4
953	953.5	8
954	954.5	4
955	955.5	4
956	956.5	4
957	957.5	2
958	958.5	8
959	959.5	7
960	960.5	7
961	961.5	9
962	962.5	5
963	963.5	4
964	964.5	5
965	965.5	4
966	966.5	3
967	967.5	6
968	968.5	3
969	969.5	2
970	970.5	6
971	971.5	6
972	972.5	3
973	973.5	2
974	974.5	4
975	975.5	2
976	976.5	6
977	977.5	7
978	978.5	4
979	979.5	3
980	980.5	4
981	981.5	5
982	982.5	4
983	983.5	2
984	984.5	2
985	985.5	9
986	986.5	4
987	987.5	2
988	988.5	6
989	989.5	6
990	990.5	4
991	991.5	6
992	992.5	3
993	993.5	5
994	994.5	4
995	995.5	4
996	996.5	4
997	997.5	4
998	998.5	1
999	999.5	2
1000	1000.5	6
1001	1001.5	9
1002	1002.5	3
1003	1003.5	5
1004	1004.5	1
1005	1005.5	9
1006	1006.5	4
1007	1007.5	3
1008	1008.5	6
1009	1009.5	7
1010	1010.5	5
1011	1011.5	5
1012	1012.5	1
1013	1013.5	6
1014	1014.5	3
1015	1015.5	5
1016	1016.5	3
1017	1017.5	4
1018	1018.5	7
1019	1019.5	3
1020	1020.5	3
1021	1021.5	5
1022	1022.5	4
1023	1023.5	2
1024	1024.5	2
1025	1025.5	1
1026	1026.5	5
1027	1027.5	6
1028	1028.5	8
1029	1029.5	5
1030	1030.5	5
1031	1031.5	4
1032	1032.5	3
1033	1033.5	7
1034	1034.5	5
1035	1035.5	2
1036	1036.5	8
1037	1037.5	9
1038	1038.5	4
1039	1039.5	5
1040	1040.5	7
1041	1041.5	7
1042	1042.5	12
1043	1043.5	2
1044	1044.5	7
1045	1045.5	3
1046	1046.5	1
1047	1047.5	3
1048	1048.5	6
1049	1049.5	2
1050	1050.5	1
1051	1051.5	4
1052	1052.5	3
1053	1053.5	3
1054	1054.5	4
1055	1055.5	9
1056	1056.5	7
1057	1057.5	4
1058	1058.5	5
1059	1059.5	3
1060	1060.5	3
1061	1061.5	8
1062	1062.5	6
1063	1063.5	5
1064	1064.5	7
1065	1065.5	5
1066	1066.5	3
1067	1067.5	2
1068	1068.5	4
1069	1069.5	5
1070	1070.5	3
1071	1071.5	3
1072	1072.5	4
1073	1073.5	2
1074	1074.5	4
1075	1075.5	3
1076	1076.5	5
1077	1077.5	7
1078	1078.5	4
1079	1079.5	4
1080	1080.5	6
1081	1081.5	2
1082	1082.5	5
1083	1083.5	7
1084	1084.5	4
1085	1085.5	4
1086	1086.5	4
1087	1087.5	2
1088	1088.5	3
1089	1089.5	5
1090	1090.5	6
1091	1091.5	5
1092	1092.5	7
1093	1093.5	4
1094	1094.5	4
1095	1095.5	2
1096	1096.5	5
1097	1097.5	6
1098	1098.5	5
1099	1099.5	5
1100	1100.5	4
1101	1101.5	5
1102	1102.5	5
1103	1103.5	3
1104	1104.5	2
1105	1105.5	7
1106	1106.5	5
1107	1107.5	8
1108	1108.5	5
1109	1109.5	5
1110	1110.5	2
1111	1111.5	5
1112	1112.5	2
1113	1113.5	2
1114	1114.5	2
1115	1115.5	6
1116	1116.5	5
1117	1117.5	1
1118	1118.5	4
1119	1119.5	4
1120	1120.5	4
1121	1121.5	6
1122	1122.5	4
1123	1123.5	4
1124	1124.5	2
1125	1125.5	2
1126	1126.5	4
1127	1127.5	5
1128	1128.5	6
1129	1129.5	4
1130	1130.5	4
1131	1131.5	0
1132	1132.5	5
1133	1133.5	2
1134	1134.5	4
1135	1135.5	6
1136	1136.5	3
1137	1137.5	3
1138	1138.5	7
1139	1139.5	2
1140	1140.5	3
1141	1141.5	2
1142	1142.5	4
1143	1143.5	2
1144	1144.5	6
1145	1145.5	4
1146	1146.5	4
1147	1147.5	2
1148	1148.5	3
1149	1149.5	4
1150	1150.5	6
1151	1151.5	1
1152	1152.5	8
1153	1153.5	1
1154	1154.5	3
1155	1155.5	4
1156	1156.5	5
1157	1157.5	6
1158	1158.5	3
1159	1159.5	2
1160	1160.5	2
1161	1161.5	4
1162	1162.5	5
1163	1163.5	4
1164	1164.5	2
1165	1165.5	4
1166	1166.5	5
1167	1167.5	3
1168	1168.5	4
1169	1169.5	6
1170	1170.5	8
1171	1171.5	2
1172	1172.5	7
1173	1173.5	8
1174	1174.5	2
1175	1175.5	3
1176	1176.5	3
1177	1177.5	2
1178	1178.5	2
1179	1179.5	5
1180	1180.5	3
1181	1181.5	4
1182	1182.5	3
1183	1183.5	1
1184	1184.5	7
1185	1185.5	3
1186	1186.5	4
1187	1187.5	4
1188	1188.5	3
1189	1189.5	4
1190	1190.5	2
1191	1191.5	5
1192	1192.5	3
1193	1193.5	3
1194	1194.5	1
1195	1195.5	3
1196	1196.5	1
1197	1197.5	2
1198	1198.5	1
1199	1199.5	3725
