#
# Total count = 50028.07548126771 bin-width = 23/200
0	7.0575	0
1	7.1725	0
2	7.2875	0
3	7.4025	0
4	7.5175	0
5	7.6325	0
6	7.7475000000000005	0.025032203105405
7	7.8625	0.06116886243768445
8	7.9775	0
9	8.0925	0.10435210944070974
10	8.2075	0
11	8.3225	0.01220399887517128
12	8.4375	0.04717196167819675
13	8.5525	0.04717196167819675
14	8.6675	0
15	8.7825	0.02652521053437355
16	8.8975	0
17	9.0125	0.15551278579407796
18	9.1275	0.06863210959799296
19	9.2425	0.06044287352894208
20	9.3575	0.03387753040481276
21	9.4725	0.10157242175698802
22	9.5875	0
23	9.7025	0.07514378413537418
24	9.8175	0.07046234037179977
25	9.932500000000001	0.02320104385322583
26	10.0475	0.1346307379360915
27	10.1625	0.08416046287944735
28	10.2775	0.17363821282119546
29	10.3925	0.03099590492838096
30	10.5075	0.17939327591396456
31	10.6225	0.14338951278604775
32	10.7375	0.2641506550021709
33	10.8525	0.11355504399046815
34	10.967500000000001	0.30411546009084117
35	11.0825	0.09297877805396768
36	11.1975	0.2727596221498917
37	11.3125	0.1978168733693757
38	11.4275	0.23117925961967647
39	11.5425	0.3901644236261215
40	11.6575	0.3915432241563689
41	11.7725	0.42754838050920957
42	11.8875	0.3602735297284949
43	12.002500000000001	0.48037948686856335
44	12.1175	0.3514708190790129
45	12.2325	0.6607827067605276
46	12.3475	0.3422632878002635
47	12.4625	0.3881560843175056
48	12.5775	0.7010028870350045
49	12.692499999999999	0.5900272767158554
50	12.807500000000001	0.7846992690262278
51	12.9225	0.6840641791648692
52	13.037500000000001	0.8046064633003068
53	13.1525	1.0356147459108584
54	13.2675	1.2278159263721729
55	13.3825	1.1555757741727504
56	13.4975	0.7398555241989752
57	13.6125	1.479318218838547
58	13.7275	1.2699191074633802
59	13.842500000000001	1.7886728002895025
60	13.9575	1.5440373796260145
61	14.072500000000002	1.7478904420888892
62	14.1875	2.4871237873495318
63	14.3025	1.9636771163186797
64	14.4175	1.948803828375085
65	14.5325	1.9859624197110377
66	14.6475	2.829364802830892
67	14.7625	3.282634488887242
68	14.877500000000001	3.3493963812428555
69	14.9925	3.1126434162321606
70	15.1075	3.5286466907673577
71	15.2225	4.034780310728219
72	15.3375	4.084234882196765
73	15.4525	4.055881985832584
74	15.5675	5.619004924360088
75	15.682500000000001	5.55924279696753
76	15.797500000000001	5.491169098616201
77	15.9125	6.734628529882605
78	16.0275	6.532889601511548
79	16.1425	7.478413444569789
80	16.2575	7.694578812148915
81	16.372500000000002	8.647285125434008
82	16.4875	9.728757065029113
83	16.6025	9.5677838664706
84	16.7175	12.522643387058636
85	16.8325	11.763611953372608
86	16.947499999999998	13.38546919677866
87	17.0625	14.030002054575455
88	17.177500000000002	14.80749288134866
89	17.2925	16.821412110579704
90	17.4075	17.755492282150332
91	17.5225	20.189826732490456
92	17.637500000000003	20.31333800938034
93	17.7525	22.749210830674798
94	17.8675	24.642903089055135
95	17.9825	26.77564952123109
96	18.0975	27.714940175424022
97	18.2125	31.640729963607953
98	18.3275	33.47622091646133
99	18.442500000000003	33.80340334812852
100	18.5575	36.06969712502756
101	18.6725	40.391238581777095
102	18.7875	42.136372853575466
103	18.9025	44.25530975598647
104	19.0175	48.468151712858806
105	19.1325	50.142608132785625
106	19.247500000000002	55.69600988448959
107	19.3625	59.4037938377195
108	19.4775	61.25724058105022
109	19.5925	67.69399310363819
110	19.707500000000003	68.87261408849268
111	19.822499999999998	73.57331581773295
112	19.9375	76.27727295957698
113	20.052500000000002	85.10970824444466
114	20.1675	88.59753974439265
115	20.2825	98.19262758745276
116	20.3975	96.08858043597246
117	20.512500000000003	102.50697074722443
118	20.6275	107.7594758440252
119	20.7425	114.63749546967405
120	20.8575	116.22423198869427
121	20.9725	128.1639843949677
122	21.0875	142.05508079017844
123	21.2025	138.64809557239073
124	21.317500000000003	151.879521644901
125	21.4325	155.47985515027483
126	21.5475	165.9040256605081
127	21.6625	163.9253119861139
128	21.7775	180.26515395351535
129	21.8925	182.297656905685
130	22.0075	200.30428628489716
131	22.122500000000002	201.95423244456802
132	22.2375	219.03741916296562
133	22.3525	238.84910488013972
134	22.4675	225.5379383624889
135	22.582500000000003	256.3298966580862
136	22.6975	252.40477894414892
137	22.8125	281.5332665302544
138	22.927500000000002	289.0525373002921
139	23.0425	295.355695178523
140	23.157500000000002	298.2761991403543
141	23.2725	331.1585974649248
142	23.3875	327.9426667760877
143	23.5025	375.2279586076129
144	23.6175	367.4038529934555
145	23.7325	423.1592597764396
146	23.8475	390.10288393753564
147	23.962500000000002	448.7043550450381
148	24.0775	405.82809454597924
149	24.1925	454.4318954025812
150	24.3075	506.3059189394938
151	24.4225	412.04317991766004
152	24.5375	638.0069820853294
153	24.6525	576.207507063209
154	24.767500000000002	455.54439809903516
155	24.8825	764.1114673771697
156	24.997500000000002	543.8070669857642
157	25.1125	562.3595988252774
158	25.2275	567.0738185613518
159	25.3425	633.1602050334062
160	25.4575	838.2479903662498
161	25.5725	1269.0817222177604
162	25.6875	833.1117761181208
163	25.802500000000002	968.4805639102916
164	25.9175	2172.704857420895
165	26.032500000000002	1029.9532920636102
166	26.1475	954.9491001004352
167	26.2625	874.0913153376208
168	26.3775	824.2126857483405
169	26.4925	0
170	26.6075	858.0516513503742
171	26.7225	998.6566826194196
172	26.837500000000002	1101.284979496444
173	26.9525	0
174	27.067500000000003	1296.4476957247957
175	27.1825	0
176	27.2975	1489.306419927794
177	27.4125	0
178	27.5275	1721.2648658646606
179	27.642500000000002	0
180	27.7575	0
181	27.872500000000002	2075.257105865436
182	27.9875	0
183	28.1025	0
184	28.2175	0
185	28.3325	2899.5826537979906
186	28.4475	0
187	28.5625	0
188	28.677500000000002	0
189	28.7925	0
190	28.907500000000002	4339.027652527468
191	29.0225	0
192	29.1375	0
193	29.2525	0
194	29.3675	0
195	29.4825	0
196	29.5975	0
197	29.712500000000002	0
198	29.8275	8126.584307169238
199	29.942500000000003	0
