0	-7.894277739775241	6.157443995737817e-7
1	-7.7492126756031405	0
2	-7.604147611431039	9.236165993606726e-7
3	-7.459082547258938	0
4	-7.314017483086838	4.618082996803363e-7
5	-7.168952418914737	0
6	-7.0238873547426355	0
7	-6.878822290570535	0
8	-6.733757226398434	0
9	-6.588692162226334	3.5405302975492453e-6
10	-6.4436270980542325	1.5393609989344542e-6
11	-6.298562033882131	6.157443995737817e-7
12	-6.153496969710031	4.618082996803363e-7
13	-6.00843190553793	2.4629775982951264e-6
14	-5.8633668413658295	9.236165993606726e-7
15	-5.718301777193728	1.5393609989344544e-6
16	-5.573236713021627	7.696804994672272e-7
17	-5.428171648849526	2.0011692986147907e-6
18	-5.283106584677426	0
19	-5.138041520505325	3.540530297549245e-6
20	-4.992976456333224	2.924785897975463e-6
21	-4.847911392161123	3.0787219978689083e-6
22	-4.702846327989022	5.849571795950926e-6
23	-4.5577812638169215	6.157443995737817e-6
24	-4.41271619964482	4.0023385972295814e-6
25	-4.26765113547272	1.2160951891582188e-5
26	-4.122586071300619	1.2930632391049417e-5
27	-3.977521007128518	1.308456849094286e-5
28	-3.8324559429564173	1.508573778955765e-5
29	-3.687390878784316	1.1083399192328069e-5
30	-3.542325814612215	1.2930632391049413e-5
31	-3.3972607504401147	1.570148218913143e-5
32	-3.2521956862680135	2.17049900849758e-5
33	-3.107130622095913	4.8643807566328745e-5
34	-2.962065557923812	4.187061917101715e-5
35	-2.817000493751711	3.109509217847597e-5
36	-2.6719354295796105	3.478955857591866e-5
37	-2.5268703654075093	6.23441204568454e-5
38	-2.381805301235408	4.910561586600908e-5
39	-2.236740237063308	8.435698274160812e-5
40	-2.0916751728912066	7.019486155141114e-5
41	-1.9466101087191063	7.989283584469829e-5
42	-1.8015450445470051	1.1637569151944493e-4
43	-1.656479980374904	1.339244069072977e-4
44	-1.5114149162028037	1.3777280940463387e-4
45	-1.3663498520307025	1.3253898200825677e-4
46	-1.2212847878586013	2.0981490415476628e-4
47	-1.076219723686501	2.496843540271684e-4
48	-0.9311546595143998	2.5892052002077546e-4
49	-0.7860895953422995	3.127981549834817e-4
50	-0.6410245311701983	3.665218538462944e-4
51	-0.4959594669980971	3.403527168644084e-4
52	-0.3508944028259968	5.369291164283386e-4
53	-0.20582933865389563	4.90440414260518e-4
54	-0.060764274481794445	6.473013000519385e-4
55	0.08430078969030674	6.454540668532182e-4
56	0.22936585386240615	7.270401997967421e-4
57	0.37443091803450734	8.392596166190648e-4
58	0.5194959822066085	9.209996856624857e-4
59	0.6645610463787097	0.0010958710951414403
60	0.8096261105508109	0.0011443609666078748
61	0.9546911747229103	0.0012779775013153913
62	1.0997562388950115	0.0015016466544605677
63	1.2448213030671127	0.0017639537686790006
64	1.3898863672392139	0.001781348547966964
65	1.534951431411315	0.002191588254183002
66	1.6800164955834163	0.002697730150632668
67	1.8250815597555157	0.0026878782402394996
68	1.9701466239276169	0.002981588318836201
69	2.115211688099718	0.003939686604573046
70	2.2602767522718192	0.003933529160577295
71	2.4053418164439204	0.005115758407758871
72	2.55040688061602	0.005467656332115284
73	2.695471944788121	0.006165448672932263
74	2.840537008960222	0.007109076965279002
75	2.9856020731323234	0.008976783665286365
76	3.1306671373044246	0.010228592029619848
77	3.275732201476524	0.012505922691443667
78	3.420797265648625	0.015889438167101536
79	3.5658623298207264	0.022796550969320217
80	3.7109273939928276	0.17153730749156182
81	3.8559924581649287	0.01087142918277488
82	4.00105752233703	0.009917795043934946
83	4.146122586509129	0.013248510437329704
84	4.2911876506812305	0.04883299503308491
85	4.436252714853332	0.011761025904059147
86	4.581317779025433	0.013933526081855491
87	4.726382843197534	0.039624537537467634
88	4.8714479073696335	0.03453895060529057
89	5.016512971541735	0.01232566351846833
90	5.161578035713836	0.02085726398286307
91	5.306643099885937	0.012113847445014923
92	5.451708164058038	0.013369042403546244
93	5.596773228230138	0.0244866154100508
94	5.741838292402239	0.017198972568895
95	5.88690335657434	0.021605393428345457
96	6.031968420746441	0.01490039872528683
97	6.177033484918542	0.022640921572328512
98	6.322098549090644	0.027179881413786102
99	6.467163613262743	0.01813028597325106
100	6.612228677434844	0.011676976793517433
101	6.757293741606945	0.008871645309059052
102	6.902358805779047	0.009254022581194385
103	7.047423869951148	0.010027243610959207
104	7.192488934123247	0.014414114585723318
105	7.337553998295348	0.012981585240114743
106	7.48261906246745	0.014885312987497512
107	7.627684126639551	0.008079490139007297
108	7.772749190811652	0.012069052039946132
109	7.917814254983751	0.009991530435784027
110	8.062879319155854	0.0067140769329524655
111	8.207944383327956	0.0089015089124384
112	8.353009447500053	0.007403248852175337
113	8.498074511672154	0.008044700580431347
114	8.643139575844256	0.01413733747811481
115	8.788204640016357	0.007544562191877447
116	8.933269704188458	0.006993163082059182
117	9.078334768360559	0.005424554224145139
118	9.22339983253266	0.006787966260901313
119	9.368464896704761	0.006468240981422591
120	9.513529960876863	0.004796033128280274
121	9.658595025048964	0.005585571384633666
122	9.803660089221065	0.004379789914168408
123	9.948725153393163	0.0045834473743274085
124	10.093790217565264	0.004258334331352509
125	10.238855281737365	0.005471042926312944
126	10.383920345909466	0.005152087327333736
127	10.528985410081567	0.003952617236964133
128	10.674050474253669	0.004884700321818783
129	10.81911553842577	0.0029280185560733086
130	10.964180602597871	0.003465255544701484
131	11.109245666769972	0.0034161499288354867
132	11.254310730942073	0.002820879030547468
133	11.399375795114171	0.002646469429368174
134	11.544440859286272	0.002850742633926801
135	11.689505923458373	0.002369076577360196
136	11.834570987630475	0.002501615559368449
137	11.979636051802576	0.002876296026509131
138	12.124701115974677	0.0014700897539824146
139	12.269766180146778	0.0019697663342365503
140	12.41483124431888	0.0016003196944922755
141	12.55989630849098	0.0019585289989443263
142	12.704961372663082	0.0022713271539278306
143	12.850026436835183	0.001447461147298079
144	12.99509150100728	0.0015569097143223268
145	13.140156565179382	0.001618945962579382
146	13.285221629351483	0.0019163505075735208
147	13.430286693523584	0.0017665706823771939
148	13.575351757695685	0.0014742460286795386
149	13.720416821867786	0.0014951813382650496
150	13.865481886039888	0.0010486127124741524
151	14.010546950211989	0.0015222740918462898
152	14.15561201438409	0.0016800585942370776
153	14.300677078556191	0.0010633905780639248
154	14.445742142728292	0.0012204053999552435
155	14.59080720690039	0.001155598301900097
156	14.735872271072491	0.0010837101432498583
157	14.880937335244592	0.0014645480543862503
158	15.026002399416694	0.001410516483323644
159	15.171067463588795	0.0010307561248865133
160	15.316132527760896	0.0011640647873942401
161	15.461197591932997	0.001153905004801268
162	15.606262656105098	8.012373999453846e-4
163	15.7513277202772	9.585600940364852e-4
164	15.8963927844493	0.0011799202056832622
165	16.0414578486214	7.966193169485809e-4
166	16.1865229127935	6.106645082772981e-4
167	16.3315879769656	6.503800220498083e-4
168	16.476653041137702	6.219018435695209e-4
169	16.621718105309803	5.92961856789553e-4
170	16.766783169481904	7.255008387978101e-4
171	16.911848233654005	0.001851389473418474
172	17.056913297826107	7.656781608699984e-4
173	17.201978361998208	4.230164025071887e-4
174	17.34704342617031	3.6606004554661355e-4
175	17.49210849034241	4.370245875974929e-4
176	17.637173554514508	3.372739948665393e-4
177	17.78223861868661	3.4866526625865484e-4
178	17.92730368285871	3.5605419905354e-4
179	18.07236874703081	2.649240279166199e-4
180	18.217433811202913	3.3003899817154775e-4
181	18.362498875375014	3.089497524861457e-4
182	18.507563939547115	3.049474138889158e-4
183	18.652629003719216	3.2234219317687547e-4
184	18.797694067891317	1.5901599118992943e-4
185	18.94275913206342	2.0211809916009427e-4
186	19.08782419623552	2.1058458465423352e-4
187	19.232889260407617	1.9565278296456917e-4
188	19.37795432457972	2.0950703195497951e-4
189	19.52301938875182	2.088912875554058e-4
190	19.66808445292392	2.835502960037273e-4
191	19.813149517096022	3.014068835913666e-4
192	19.958214581268123	0
193	20.103279645440224	3.071025192874231e-4
194	20.248344709612326	1.6471162688598746e-4
195	20.393409773784427	0
196	20.538474837956528	0
197	20.683539902128626	5.849571795951074e-4
198	20.828604966300727	0
199	20.973670030472828	6.151286551742014e-4
