0	-0.99	0
1	-0.97	0
2	-0.95	0
3	-0.9299999999999999	0
4	-0.91	0
5	-0.89	0
6	-0.87	0
7	-0.85	0
8	-0.83	0
9	-0.81	0
10	-0.79	0
11	-0.77	1.2749003984063745e-4
12	-0.75	5.737051792828685e-4
13	-0.73	5.737051792828685e-4
14	-0.71	0.0012749003984063741
15	-0.69	0.0021035856573705177
16	-0.6699999999999999	0.00254980079681275
17	-0.6499999999999999	0.002486055776892431
18	-0.63	0.003250996015936258
19	-0.61	0.005099601593625498
20	-0.59	0.005354581673306772
21	-0.5700000000000001	0.005800796812749001
22	-0.55	0.006820717131474097
23	-0.53	0.008924302788844622
24	-0.51	0.01007171314741037
25	-0.49	0.011346613545816757
26	-0.47	0.012175298804780908
27	-0.44999999999999996	0.013195219123506017
28	-0.42999999999999994	0.016828685258964218
29	-0.41000000000000003	0.017976095617529966
30	-0.39	0.01854980079681284
31	-0.37	0.019760956175298907
32	-0.35	0.019250996015936352
33	-0.32999999999999996	0.02129083665338657
34	-0.30999999999999994	0.02218326693227104
35	-0.29000000000000004	0.021737051792828806
36	-0.27	0.02524302788844637
37	-0.25	0.024860557768924454
38	-0.22999999999999998	0.02517928286852605
39	-0.20999999999999996	0.027474103585657546
40	-0.18999999999999995	0.027601593625498185
41	-0.16999999999999993	0.028812749003984253
42	-0.15000000000000002	0.027729083665338824
43	-0.13	0.02817529880478106
44	-0.10999999999999999	0.026581673306773076
45	-0.08999999999999997	0.029322709163346807
46	-0.06999999999999995	0.02906772908366553
47	-0.04999999999999993	0.028494023904382656
48	-0.030000000000000027	0.026900398406374672
49	-0.010000000000000009	0.029322709163346807
50	0.010000000000000009	0.028494023904382656
51	0.030000000000000027	0.029577689243028085
52	0.050000000000000044	0.030788844621514152
53	0.07000000000000006	0.03091633466135479
54	0.09000000000000008	0.031235059760956387
55	0.1100000000000001	0.029322709163346807
56	0.13000000000000012	0.03639840637450225
57	0.15000000000000013	0.03340239043824724
58	0.16999999999999993	0.031936254980079896
59	0.18999999999999995	0.03474103585657395
60	0.20999999999999996	0.031171314741036068
61	0.22999999999999998	0.030470119521912555
62	0.25	0.03136254980079702
63	0.27	0.03110756972111575
64	0.29000000000000004	0.030342629482071917
65	0.31000000000000005	0.03225498007968149
66	0.33000000000000007	0.030788844621514152
67	0.3500000000000001	0.0312988047808767
68	0.3700000000000001	0.032000000000000216
69	0.3900000000000001	0.033147410358565964
70	0.4099999999999999	0.03155378486055798
71	0.42999999999999994	0.035059760956175544
72	0.44999999999999996	0.03607968127490065
73	0.47	0.03512350597609586
74	0.49	0.0355697211155381
75	0.51	0.037737051792828956
76	0.53	0.03805577689243055
77	0.55	0.036844621513944485
78	0.5700000000000001	0.03531474103585682
79	0.5900000000000001	0.03008764940239064
80	0.6100000000000001	0.03741832669322736
81	0.6300000000000001	0.03282868525896437
82	0.6500000000000001	0.030470119521912555
83	0.6699999999999999	0.030725099601593833
84	0.69	0.030470119521912555
85	0.71	0.029386454183267127
86	0.73	0.027346613545816908
87	0.75	0.027601593625498185
88	0.77	0.026007968127490202
89	0.79	0.02046215139442242
90	0.81	0.01950597609561763
91	0.8300000000000001	0.016382470119521982
92	0.8500000000000001	0.012621513944223143
93	0.8700000000000001	0.009498007968127496
94	0.8900000000000001	0.007840637450199193
95	0.9100000000000001	0.004143426294820721
96	0.9299999999999999	0.0036334661354581713
97	0.95	0.0013386454183266928
98	0.97	1.2749003984063745e-4
99	0.99	0.015936254980079747
