0	-0.99	0
1	-0.97	0
2	-0.95	0
3	-0.9299999999999999	0
4	-0.91	0
5	-0.89	0
6	-0.87	0
7	-0.85	0
8	-0.83	0
9	-0.81	0
10	-0.79	0
11	-0.77	0
12	-0.75	0
13	-0.73	0
14	-0.71	0
15	-0.69	0
16	-0.6699999999999999	0
17	-0.6499999999999999	0
18	-0.63	6.374501992031872e-5
19	-0.61	1.2749003984063745e-4
20	-0.59	2.549800796812749e-4
21	-0.5700000000000001	5.099601593625498e-4
22	-0.55	0.0012749003984063741
23	-0.53	0.0014661354581673302
24	-0.51	0.0018486055776892423
25	-0.49	0.0027410358565737067
26	-0.47	0.00369721115537849
27	-0.44999999999999996	0.0065019920318725045
28	-0.42999999999999994	0.011474103585657395
29	-0.41000000000000003	0.013577689243027933
30	-0.39	0.01854980079681284
31	-0.37	0.022374501992032
32	-0.35	0.025752988047808924
33	-0.32999999999999996	0.030725099601593833
34	-0.30999999999999994	0.030215139442231278
35	-0.29000000000000004	0.029513944223107765
36	-0.27	0.030406374501992236
37	-0.25	0.028749003984063933
38	-0.22999999999999998	0.030661354581673513
39	-0.20999999999999996	0.029450199203187446
40	-0.18999999999999995	0.028812749003984253
41	-0.16999999999999993	0.02613545816733084
42	-0.15000000000000002	0.02702788844621531
43	-0.13	0.03085258964143447
44	-0.10999999999999999	0.03149003984063766
45	-0.08999999999999997	0.03098007968127511
46	-0.06999999999999995	0.033019920318725325
47	-0.04999999999999993	0.03008764940239064
48	-0.030000000000000027	0.03276494023904405
49	-0.010000000000000009	0.03442231075697235
50	0.010000000000000009	0.0332749003984066
51	0.030000000000000027	0.03627091633466161
52	0.050000000000000044	0.03639840637450225
53	0.07000000000000006	0.03620717131474129
54	0.09000000000000008	0.03709960159362576
55	0.1100000000000001	0.034103585657370754
56	0.13000000000000012	0.03531474103585682
57	0.15000000000000013	0.03352988047808788
58	0.16999999999999993	0.034039840637450434
59	0.18999999999999995	0.037545816733068
60	0.20999999999999996	0.0372270916334664
61	0.22999999999999998	0.03416733067729107
62	0.25	0.0335936254980082
63	0.27	0.035888446215139695
64	0.29000000000000004	0.03907569721115566
65	0.31000000000000005	0.03856573705179311
66	0.33000000000000007	0.03729083665338672
67	0.3500000000000001	0.03620717131474129
68	0.3700000000000001	0.03716334661354608
69	0.3900000000000001	0.03652589641434289
70	0.4099999999999999	0.036972111553785124
71	0.42999999999999994	0.03627091633466161
72	0.44999999999999996	0.034932270916334905
73	0.47	0.03614342629482097
74	0.49	0.03429482071713171
75	0.51	0.032191235059761174
76	0.53	0.03435856573705203
77	0.55	0.03340239043824724
78	0.5700000000000001	0.03098007968127511
79	0.5900000000000001	0.03104382470119543
80	0.6100000000000001	0.03174501992031894
81	0.6300000000000001	0.03225498007968149
82	0.6500000000000001	0.02996015936255
83	0.6699999999999999	0.027856573705179462
84	0.69	0.025498007968127647
85	0.71	0.02709163346613563
86	0.73	0.026007968127490202
87	0.75	0.022820717131474235
88	0.77	0.017912350597609646
89	0.79	0.01568127490039847
90	0.81	0.012430278884462185
91	0.8300000000000001	0.009370517928286857
92	0.8500000000000001	0.007713147410358555
93	0.8700000000000001	0.004972111553784861
94	0.8900000000000001	0.0034422310756972146
95	0.9100000000000001	0.002422310756972112
96	0.9299999999999999	8.924302788844619e-4
97	0.95	3.1872509960159364e-4
98	0.97	6.374501992031872e-5
99	0.99	0.015936254980079747
