0	-24.75	0.04049500998003962
1	-24.25	0
2	-23.75	0
3	-23.25	0
4	-22.75	0
5	-22.25	0
6	-21.75	0
7	-21.25	0
8	-20.75	0
9	-20.25	0
10	-19.75	0
11	-19.25	0
12	-18.75	0
13	-18.25	0
14	-17.75	1.596806387225549e-5
15	-17.25	4.7904191616766475e-5
16	-16.75	9.580838323353294e-5
17	-16.25	1.1177644710578842e-4
18	-15.75	2.0758483033932136e-4
19	-15.25	3.5129740518962093e-4
20	-14.75	4.15169660678643e-4
21	-14.25	8.143712574850298e-4
22	-13.75	0.0012135728542914163
23	-13.25	0.002171656686626744
24	-12.75	0.002874251497005984
25	-12.25	0.0038163672654690562
26	-11.75	0.005572854291417157
27	-11.25	0.007025948103792404
28	-10.75	0.008239520958083842
29	-10.25	0.010427145708582958
30	-9.75	0.011656686626746696
31	-9.25	0.012455089820359512
32	-8.75	0.01394011976047935
33	-8.25	0.01845908183632789
34	-7.75	0.02055089820359347
35	-7.25	0.023185628742515764
36	-6.75	0.02850299401197712
37	-6.25	0.03179241516966181
38	-5.75	0.03825948103792422
39	-5.25	0.04586027944111658
40	-4.75	0.05267864271456855
41	-4.25	0.06647504990019674
42	-3.75	0.08007984031936209
43	-3.25	0.08720159680638996
44	-2.75	0.09847504990020538
45	-2.25	0.10914171656687492
46	-1.75	0.11707784431138804
47	-1.25	0.13288622754491838
48	-0.75	0.14237125748503246
49	-0.25	0.15380439121756054
50	0.25	0.1599840319361197
51	0.75	0.16221956087823414
52	1.25	0.12242714570859507
53	1.75	0.07081836327345141
54	2.25	0.04332135728542837
55	2.75	0.029237524950100912
56	3.25	0.018043912175649227
57	3.75	0.009485029940119835
58	4.25	0.005413173652694603
59	4.75	0.003912175648702589
60	5.25	0.0022035928143712548
61	5.75	0.001277445109780438
62	6.25	7.504990019960079e-4
63	6.75	7.345309381237525e-4
64	7.25	3.6726546906187645e-4
65	7.75	1.9161676646706587e-4
66	8.25	2.0758483033932136e-4
67	8.75	1.2774451097804392e-4
68	9.25	7.984031936127745e-5
69	9.75	1.2774451097804392e-4
70	10.25	9.580838323353294e-5
71	10.75	4.7904191616766475e-5
72	11.25	6.387225548902196e-5
73	11.75	9.580838323353294e-5
74	12.25	0
75	12.75	0
76	13.25	0
77	13.75	1.596806387225549e-5
78	14.25	0
79	14.75	0
80	15.25	0
81	15.75	0
82	16.25	0
83	16.75	0
84	17.25	0
85	17.75	0
86	18.25	0
87	18.75	0
88	19.25	0
89	19.75	0
90	20.25	0
91	20.75	0
92	21.25	0
93	21.75	0
94	22.25	0
95	22.75	0
96	23.25	0
97	23.75	0
98	24.25	0
99	24.75	0
