0	-24.75	0
1	-24.25	0
2	-23.75	0
3	-23.25	0
4	-22.75	0
5	-22.25	0
6	-21.75	0
7	-21.25	0
8	-20.75	0
9	-20.25	0
10	-19.75	0
11	-19.25	0
12	-18.75	0
13	-18.25	0
14	-17.75	5.217191690057076e-6
15	-17.25	2.0868766760228306e-5
16	-16.75	2.0868766760228306e-5
17	-16.25	3.652034183039954e-5
18	-15.75	1.40864175631541e-4
19	-15.25	1.7216732577188343e-4
20	-14.75	2.2955643436251122e-4
21	-14.25	5.634567025261646e-4
22	-13.75	7.617099867483353e-4
23	-13.25	0.0010643071047716486
24	-12.75	0.0016538497657481038
25	-12.25	0.0023894737940461583
26	-11.75	0.003333785489946498
27	-11.25	0.004507653620209351
28	-10.75	0.006203240919477917
29	-10.25	0.008451850537892432
30	-9.75	0.011222179325312305
31	-9.25	0.014008159687802347
32	-8.75	0.017221949768877535
33	-8.25	0.021985245781900482
34	-7.75	0.02636246960985914
35	-7.25	0.031444014315975495
36	-6.75	0.036922065590532745
37	-6.25	0.04358441937873237
38	-5.75	0.051697152456767155
39	-5.25	0.055896991767261046
40	-4.75	0.06327410081699815
41	-4.25	0.06752611204439259
42	-3.75	0.07320763379486196
43	-3.25	0.07785615159070054
44	-2.75	0.0799482454584124
45	-2.25	0.08363679998328095
46	-1.75	0.08411678161876597
47	-1.25	0.08734622327490972
48	-0.75	0.09124346546738045
49	-0.25	0.0933146905683321
50	0.25	0.09608501935575105
51	0.75	0.0996692300468185
52	1.25	0.10368125045647043
53	1.75	0.1188632782745291
54	2.25	0.17805753518988773
55	2.75	0.07534668238778432
56	3.25	0.05168150088169699
57	3.75	0.03465258720535903
58	4.25	0.02750503458998184
59	4.75	0.02170873462232741
60	5.25	0.017451506203240087
61	5.75	0.013162974634013233
62	6.25	0.008629235055354345
63	6.75	0.004898942996963636
64	7.25	0.002827717896010957
65	7.75	0.0015182027818066185
66	8.25	9.599632709705061e-4
67	8.75	5.843254692863931e-4
68	9.25	3.7042060999405217e-4
69	9.75	3.495518432338239e-4
70	10.25	2.973799263332532e-4
71	10.75	1.1999540887131271e-4
72	11.25	9.390945042102735e-5
73	11.75	4.173753352045662e-5
74	12.25	3.652034183039954e-5
75	12.75	1.5651575070171227e-5
76	13.25	0
77	13.75	5.217191690057076e-6
78	14.25	5.217191690057076e-6
79	14.75	5.217191690057076e-6
80	15.25	0
81	15.75	0
82	16.25	0
83	16.75	0
84	17.25	0
85	17.75	5.217191690057076e-6
86	18.25	0
87	18.75	0
88	19.25	0
89	19.75	0
90	20.25	0
91	20.75	0
92	21.25	0
93	21.75	0
94	22.25	0
95	22.75	0
96	23.25	0
97	23.75	0
98	24.25	0
99	24.75	0
