0	-24.75	0
1	-24.25	0
2	-23.75	0
3	-23.25	0
4	-22.75	0
5	-22.25	0
6	-21.75	0
7	-21.25	0
8	-20.75	0
9	-20.25	0
10	-19.75	0
11	-19.25	0
12	-18.75	0
13	-18.25	0
14	-17.75	5.200911199642177e-6
15	-17.25	2.080364479856871e-5
16	-16.75	2.080364479856871e-5
17	-16.25	3.6406378397495246e-5
18	-15.75	1.404246023903388e-4
19	-15.25	1.7163006958819188e-4
20	-14.75	2.2884009278425585e-4
21	-14.25	5.616984095613545e-4
22	-13.75	7.593330351477552e-4
23	-13.25	0.0010609858847269984
24	-12.75	0.0016486888502865585
25	-12.25	0.0023820173294360984
26	-11.75	0.003323382256571323
27	-11.25	0.004493587276490801
28	-10.75	0.006183883416374492
29	-10.25	0.008425476143420247
30	-9.75	0.011187159990430216
31	-9.25	0.01396444657103911
32	-8.75	0.017168207870019173
33	-8.25	0.021916639795294016
34	-7.75	0.026280204291795214
35	-7.25	0.03134589180024827
36	-6.75	0.03680684855987068
37	-6.25	0.04344841216181146
38	-5.75	0.051535829077252265
39	-5.25	0.05572256259296278
40	-4.75	0.06307665102925429
41	-4.25	0.06731539365696121
42	-3.75	0.0729791859533696
43	-3.25	0.07761319783224918
44	-2.75	0.07969876322330498
45	-2.25	0.08337580744145073
46	-1.75	0.08385429127181765
47	-1.25	0.08707365530439505
48	-0.75	0.09095873597052642
49	-0.25	0.09302349771678366
50	0.25	0.0957851815637927
51	0.75	0.09935820755794565
52	1.25	0.10335770827046911
53	1.75	0.11849235986142265
54	2.25	0.1775123001550819
55	2.75	0.07554843608599195
56	3.25	0.05213393386521091
57	3.75	0.03496052508399834
58	4.25	0.027726057605296207
59	4.75	0.021968648907290455
60	5.25	0.017641490789186764
61	5.75	0.013371542694279908
62	6.25	0.008929964529785533
63	6.75	0.005211313022041414
64	7.25	0.003208962210179196
65	7.75	0.0018931316766697384
66	8.25	0.0012430177767144728
67	8.75	9.465658383348717e-4
68	9.25	6.501138999552706e-4
69	9.75	6.033056991584915e-4
70	10.25	5.200911199642175e-4
71	10.75	3.120546719785307e-4
72	11.25	2.0803644798568713e-4
73	11.75	1.7683098078783406e-4
74	12.25	1.404246023903388e-4
75	12.75	8.321457919427485e-5
76	13.25	5.721002319606396e-5
77	13.75	4.6808200796779604e-5
78	14.25	3.6406378397495246e-5
79	14.75	1.0401822399284355e-5
80	15.25	1.560273359892653e-5
81	15.75	1e-30
82	16.25	1.0401822399284355e-5
83	16.75	1e-30
84	17.25	5.200911199642177e-6
85	17.75	2.080364479856871e-5
86	18.25	1e-30
87	18.75	5.200911199642177e-6
88	19.25	0
89	19.75	0
90	20.25	0
91	20.75	0
92	21.25	0
93	21.75	0
94	22.25	0
95	22.75	0
96	23.25	0
97	23.75	0
98	24.25	0
99	24.75	0
