#
# Log of dataset merge statistics
#
# quorum=   0.7 commonality=   0.2 noise=1.0 nrank=200.0
#
# in-group-sim=mi-sim
# N,rows,cols,lcnt,rcnt,size,left-entropy,right-entropy,total-entropy,sparsity,mmt-entropy,top-pair-ranked-mi,top-pair-mi,mmt-q,nclasses,nsimilaries
1	9495	1015850	22643824	22643824	2717117	16.500659	8.4683081	19.420958	11.793563	18.117429	9.1864289	9.4480170	11.926284	0	20100
2	9496	1015903	22643824	22643824	2716286	16.501476	8.4721935	19.417492	11.794231	18.114696	9.2173860	10.575802	11.927464	1	20300
3	9497	1015843	22643824	22643824	2716093	16.501171	8.4728316	19.416828	11.794401	18.114459	9.1428253	5.0203452	11.927297	2	20904
4	9498	1014915	22643824	22643824	2665895	16.524211	8.5085336	19.358537	11.820147	17.832561	9.0413328	4.6066363	11.931845	3	21513
5	9499	1012313	22643824	22643824	2619631	16.503958	8.5080930	19.302244	11.841852	17.720226	9.0176860	4.8308906	11.907404	4	21924
6	9500	1012204	22643824	22643824	2607971	16.496647	8.5225026	19.246825	11.848284	17.672305	8.9217921	5.8340138	11.911513	5	22339
7	9501	1010213	22643824	22643824	2552183	16.501264	8.5513786	19.207473	11.876791	17.550849	9.0549416	6.3026934	11.940309	6	22758
8	9502	1009094	22643824	22643824	2546361	16.494313	8.5480097	19.196982	11.878639	17.528491	8.8475139	4.8992264	11.929687	7	23391
9	9503	1007998	22643824	22643824	2541501	16.487070	8.5478994	19.180894	11.879979	17.496741	8.8108972	4.7344038	11.910378	8	24030
10	9503	1006982	22643824	22643824	2537093	16.478915	8.5441442	19.168685	11.881029	17.460799	8.9030140	11.498912	11.884860	8	24886
11	9504	1006952	22643824	22643824	2536800	16.479049	8.5445789	19.168215	11.881304	17.460552	8.6862417	7.1304435	11.884881	9	25322
12	9505	1007024	22643824	22643824	2531004	16.482600	8.5498817	19.159869	11.884859	17.432006	8.7681204	7.5500414	11.892367	10	25761
13	9506	1005852	22643824	22643824	2509215	16.487895	8.5625734	19.136664	11.895805	17.347265	8.6625069	4.3987897	11.948621	11	26204
14	9506	1005577	22643824	22643824	2508304	16.484814	8.5613882	19.131759	11.895934	17.336162	8.1874557	4.6988579	11.940473	11	26872
15	9507	1005516	22643824	22643824	2507950	16.483820	8.5625032	19.129639	11.896202	17.333437	8.1764177	4.4152778	11.939232	12	27547
16	9508	1005997	22643824	22643824	2474680	16.484357	8.5761116	19.081944	11.916310	16.831911	8.1415974	6.2064786	11.893587	13	28034
17	9509	1004955	22643824	22643824	2463821	16.470077	8.5684630	19.062663	11.921311	16.728282	8.1190306	6.4133908	11.816163	14	28721
18	9510	1004548	22643824	22643824	2461652	16.470752	8.5707898	19.060673	11.922149	16.694744	8.0221457	4.5546551	11.818685	15	29184
19	9511	1003688	22643824	22643824	2455904	16.467351	8.5785696	19.047297	11.924438	16.660796	8.5927305	7.0870675	11.800638	16	29883
20	9512	1001811	22643824	22643824	2449602	16.463881	8.5843138	19.033717	11.925596	16.643029	7.9720450	4.2653734	11.804643	17	30354
21	9513	1000688	22643824	22643824	2399961	16.484522	8.6170456	18.978762	11.953666	16.412811	7.8836519	10.472880	11.974901	18	31065
22	9514	1000539	22643824	22643824	2399594	16.484041	8.6175717	18.977972	11.953823	16.412679	7.8488078	4.0446690	11.974834	19	31783
23	9515	999307	22643824	22643824	2380213	16.467749	8.6116226	18.942590	11.963897	16.217490	7.7823933	7.3519042	11.894039	20	32506
24	9516	999304	22643824	22643824	2378780	16.466477	8.6128423	18.937358	11.964913	16.210119	7.7698538	5.0031857	11.893349	21	33234
25	9517	999374	22643824	22643824	2377774	16.466440	8.6141408	18.935341	11.965776	16.206983	7.9285325	5.4983179	11.892928	22	33969
26	9517	999368	22643824	22643824	2377195	16.465670	8.6141489	18.933414	11.966119	16.204252	7.9187221	4.8501706	11.892026	22	34464
27	9518	999471	22643824	22643824	2374421	16.466357	8.6150991	18.930065	11.968104	16.190839	8.1976503	5.3405454	11.891582	23	35211
28	9519	998512	22643824	22643824	2364336	16.453467	8.6087532	18.909701	11.973011	16.110782	7.7583714	4.2450884	11.856495	24	36213
29	9520	998332	22643824	22643824	2363273	16.450245	8.6080355	18.904663	11.973551	16.085447	7.7450443	7.4336325	11.836760	25	36972
30	9521	998395	22643824	22643824	2360777	16.449014	8.6127248	18.894208	11.975318	16.075050	8.5103771	9.0394741	11.835441	26	37483
31	9522	998182	22643824	22643824	2355770	16.450747	8.6162957	18.889433	11.978225	16.062678	8.0802753	6.3326858	11.835984	27	38254
32	9523	998432	22643824	22643824	2347908	16.452482	8.6230147	18.879352	11.983561	16.043851	8.7348126	9.2630481	11.836380	28	38773
33	9524	998303	22643824	22643824	2346155	16.451323	8.6233210	18.875631	11.984603	16.038994	7.7168444	4.1017504	11.835273	29	39556
34	9525	998365	22643824	22643824	2344929	16.463820	8.6489490	18.871514	11.985598	16.135137	9.2370709	9.4248916	11.938807	30	39868
35	9525	998187	22643824	22643824	2344344	16.463339	8.6488298	18.870649	11.985701	16.131006	7.9485923	8.5458809	11.938515	30	40457
36	9526	997759	22643824	22643824	2341549	16.460688	8.6471913	18.865960	11.986955	16.124956	7.7493818	5.8362739	11.936056	31	41258
37	9526	997702	22643824	22643824	2341366	16.460370	8.6471782	18.865343	11.986985	16.123989	7.6481686	4.2502017	11.935766	31	41550
38	9527	995659	22643824	22643824	2326762	16.443005	8.6382918	18.842010	11.993206	16.067198	7.6043317	5.7067278	11.897174	32	42426
39	9528	995043	22643824	22643824	2318869	16.439268	8.6384314	18.830962	11.997367	16.053613	8.3356152	5.6285102	11.895175	33	43516
40	9528	994038	22643824	22643824	2311059	16.428753	8.6339020	18.813153	12.000777	16.036670	8.3933414	5.2313145	11.888185	33	44340
41	9528	992942	22643824	22643824	2302406	16.416837	8.6286296	18.794485	12.004597	16.016849	8.4702062	6.6804507	11.879755	33	45170
42	9528	992586	22643824	22643824	2298063	16.410161	8.6258731	18.782403	12.006803	16.004785	8.5304053	6.9388334	11.874644	33	45729
43	9528	992208	22643824	22643824	2296350	16.407242	8.6244320	18.778229	12.007330	16.001557	8.3604247	4.2372014	11.872336	33	46571
44	9527	992026	22643824	22643824	2295878	16.397115	8.6161648	18.769429	12.007210	15.988446	7.8714219	5.7185927	11.860017	32	47127
45	9527	991984	22643824	22643824	2295597	16.396629	8.6160259	18.768587	12.007326	15.987368	7.5952920	4.5497380	11.859602	32	47968
46	9528	992213	22643824	22643824	2287690	16.399941	8.6272352	18.754759	12.012788	15.957116	8.0397817	5.2971945	11.859822	33	48543
47	9529	992190	22643824	22643824	2287397	16.399048	8.6270998	18.753188	12.013091	15.955306	7.6213881	4.6382667	11.858839	34	49410
48	9529	992125	22643824	22643824	2286038	16.397277	8.6257560	18.750135	12.013854	15.950724	7.6002009	5.5439848	11.857726	34	50092
49	9530	992374	22643824	22643824	2233293	16.409895	8.6509964	18.706459	12.048044	15.545012	7.8197970	4.5013470	11.864455	35	50679
50	9531	992215	22643824	22643824	2231257	16.407096	8.6486232	18.702304	12.049280	15.524500	7.6382025	6.2401680	11.856864	36	51336
51	9531	988428	22643824	22643824	2224925	16.341245	8.5958100	18.678753	12.047863	15.242194	7.8422386	7.6494183	11.462848	36	52510
52	9531	988403	22643824	22643824	2224419	16.339537	8.5953208	18.676041	12.048155	15.239390	7.5840762	4.7897902	11.462174	36	53097
53	9532	987874	22643824	22643824	2221098	16.339036	8.5985678	18.670761	12.049689	15.231302	7.5509490	4.2432984	11.461652	37	53722
54	9532	987868	22643824	22643824	2221064	16.338233	8.5984633	18.669513	12.049702	15.230594	7.5060561	4.5765026	11.461031	37	54303
55	9533	987702	22643824	22643824	2219992	16.336210	8.5972984	18.666024	12.050308	15.226776	7.4997695	4.7903112	11.459943	38	55255
56	9533	987349	22643824	22643824	2216816	16.331138	8.5948954	18.658653	12.051858	15.219301	7.4801402	6.0480293	11.457276	38	55861
57	9534	987170	22643824	22643824	2214042	16.330645	8.5970223	18.654999	12.053554	15.211642	7.5295840	7.0478523	11.456696	39	56480
58	9535	987176	22643824	22643824	2212691	16.329829	8.5985781	18.650634	12.054594	15.205873	8.3464847	8.6876076	11.456502	40	57413
59	9536	986788	22643824	22643824	2211552	16.330041	8.6007610	18.648925	12.054921	15.204762	7.6726063	7.5774191	11.456447	41	58040
60	9536	986593	22643824	22643824	2211050	16.329116	8.6003726	18.647660	12.054964	15.204091	7.4090940	4.1147398	11.456130	41	58668
61	9537	986420	22643824	22643824	2209039	16.326204	8.5991267	18.642780	12.056175	15.199468	7.3556838	6.5117388	11.454638	42	59619
62	9537	986119	22643824	22643824	2206564	16.322062	8.5969809	18.636738	12.057352	15.192991	7.6608200	5.3935685	11.452195	42	60239
63	9537	985662	22643824	22643824	2203323	16.315728	8.5936341	18.627646	12.058804	15.183350	8.8207170	8.9312264	11.447567	42	61201
64	9537	985581	22643824	22643824	2203151	16.314951	8.5934216	18.626468	12.058798	15.182972	7.7457015	7.2141988	11.447256	42	62167
65	9537	985448	22643824	22643824	2202730	16.313927	8.5930338	18.624937	12.058879	15.181459	7.4787672	5.8751967	11.446753	42	62527
66	9537	985001	22643824	22643824	2199596	16.308732	8.5904055	18.617213	12.060278	15.172851	7.4248338	5.7542810	11.443749	42	63244
67	9538	984498	22643824	22643824	2196705	16.302980	8.5875999	18.609252	12.061590	15.165201	7.7671628	7.9424849	11.440063	43	64231
68	9538	984519	22643824	22643824	2196550	16.302702	8.5875172	18.608561	12.061723	15.164697	7.3210783	8.9870153	11.439895	43	64892
69	9539	984215	22643824	22643824	2195371	16.302930	8.5888814	18.607741	12.062203	15.164164	7.3106372	4.4996424	11.440107	44	65559
70	9540	983806	22643824	22643824	2192209	16.297075	8.5866939	18.598492	12.063834	15.153811	7.2646873	4.6476592	11.435705	45	66597
71	9541	983613	22643824	22643824	2190782	16.293887	8.5857688	18.593173	12.064642	15.149047	7.1797323	7.2766760	11.433365	46	67608
72	9542	983593	22643824	22643824	2190580	16.293073	8.5867205	18.591041	12.064896	15.147428	7.1617319	8.0156010	11.433036	47	68083
73	9543	983300	22643824	22643824	2189117	16.284411	8.5781795	18.582981	12.065582	15.136949	7.2379129	4.3149251	11.422749	48	69783
74	9544	982665	22643824	22643824	2185615	16.276146	8.5726774	18.572522	12.067111	15.125017	7.0533350	5.1814930	11.415867	49	71153
75	9544	982354	22643824	22643824	2183932	16.272427	8.5707921	18.567400	12.067765	15.119255	7.0460069	6.4372304	11.412844	49	72529
76	9545	982351	22643824	22643824	2183587	16.273319	8.5728488	18.565602	12.068140	15.120272	7.0156307	4.3020091	11.415106	50	73224
77	9545	982185	22643824	22643824	2182275	16.269973	8.5711104	18.561171	12.068763	15.114882	7.8045477	6.7762872	11.412144	50	74270
78	9546	982190	22643824	22643824	2182146	16.271931	8.5737990	18.560345	12.069007	15.117352	7.3172845	9.6457467	11.423595	51	75323
79	9547	982197	22643824	22643824	2181448	16.271732	8.5744108	18.559285	12.069630	15.116176	6.9254626	5.0535314	11.423537	52	76119
80	9548	982185	22643824	22643824	2177028	16.272962	8.5795618	18.550770	12.072690	15.105613	7.3081355	4.6297838	11.425386	53	77184
81	9548	981990	22643824	22643824	2174901	16.269316	8.5782443	18.544802	12.073813	15.099662	6.9237742	8.2705787	11.423721	53	78254
82	9549	982004	22643824	22643824	2174520	16.269484	8.5789494	18.544024	12.074238	15.098770	6.9725457	8.4348215	11.423739	54	78446
83	9550	981902	22643824	22643824	2172306	16.270086	8.5808389	18.542063	12.075709	15.096184	6.9037184	6.4562028	11.423858	55	79169
84	9550	981840	22643824	22643824	2172153	16.269572	8.5807260	18.541238	12.075719	15.095996	6.8953724	5.0779244	11.423731	55	79881
85	9550	981785	22643824	22643824	2171783	16.268828	8.5804730	18.540051	12.075884	15.094002	6.8828069	4.0177706	11.423244	55	80592
86	9551	981510	22643824	22643824	2170619	16.268441	8.5818697	18.537387	12.076404	15.089449	7.2060030	4.1193764	11.423166	56	81693
87	9551	981456	22643824	22643824	2170376	16.266874	8.5820460	18.534642	12.076487	15.085117	7.9409753	4.0584895	11.421819	56	82432
88	9551	981422	22643824	22643824	2170248	16.264355	8.5814084	18.530903	12.076522	15.080554	8.1619153	4.1396252	11.417933	56	83322
89	9551	981133	22643824	22643824	2169355	16.260848	8.5799432	18.525186	12.076691	15.074062	8.1928993	7.0739287	11.412339	56	84440
90	9551	981132	22643824	22643824	2169343	16.260367	8.5796765	18.524308	12.076697	15.073027	7.8128985	4.0268684	11.411336	56	85558
91	9551	981071	22643824	22643824	2169197	16.257981	8.5788987	18.520864	12.076704	15.068529	7.8732640	4.0981083	11.407272	56	86338
92	9551	980872	22643824	22643824	2168657	16.254901	8.5777365	18.516249	12.076771	15.063283	7.8914312	4.1002046	11.403033	56	87583
93	9551	980670	22643824	22643824	2167784	16.251745	8.5761660	18.511048	12.077055	15.056182	7.9214660	4.0193044	11.397968	56	88725
94	9551	980637	22643824	22643824	2167688	16.250357	8.5756871	18.508906	12.077070	15.053048	7.6869960	4.1109747	11.395036	56	89259
95	9550	980538	22643824	22643824	2167326	16.245756	8.5716007	18.502636	12.077014	15.040968	7.5245045	7.4960409	11.383955	55	90002
96	9550	980390	22643824	22643824	2167026	16.245287	8.5714867	18.501921	12.076996	15.040712	7.2799433	5.4914671	11.383800	55	91154
97	9550	980251	22643824	22643824	2166146	16.243470	8.5706330	18.499147	12.077378	15.037347	7.1656603	8.3467101	11.382985	55	92697
98	9551	980494	22643824	22643824	2163921	16.247514	8.5774993	18.497042	12.079369	15.030482	6.9252161	6.2744651	11.385901	56	93189
99	9551	980375	22643824	22643824	2163520	16.246617	8.5771737	18.495701	12.079461	15.028995	6.8970108	4.6719229	11.385540	56	93950
100	9551	980179	22643824	22643824	2162248	16.243697	8.5755903	18.491671	12.080021	15.024190	6.8692811	4.0195867	11.383402	56	95512
101	9551	979940	22643824	22643824	2161428	16.241256	8.5743741	18.487697	12.080217	15.019545	6.8213684	7.1357332	11.380361	56	96016
102	9552	979768	22643824	22643824	2160817	16.240628	8.5744804	18.486450	12.080522	15.018714	7.0605430	7.5289017	11.380290	57	97610
103	9553	979610	22643824	22643824	2160398	16.239832	8.5742620	18.485141	12.080720	15.017999	7.1214632	13.069827	11.380208	58	98844
104	9554	979494	22643824	22643824	2160093	16.239623	8.5743779	18.484767	12.080904	15.017841	6.7958893	4.2318214	11.380205	59	99281
105	9555	979228	22643824	22643824	2158411	16.235846	8.5728514	18.478926	12.081787	15.011722	7.8988331	4.5559395	11.377496	60	100570
106	9555	979072	22643824	22643824	2156980	16.230940	8.5705968	18.470881	12.082514	15.004750	7.3066933	4.4330774	11.373152	60	101385
107	9556	978661	22643824	22643824	2154865	16.225472	8.5679045	18.463629	12.083475	14.997701	7.6869323	4.2282228	11.369371	61	103019
108	9557	978643	22643824	22643824	2154680	16.216748	8.5675754	18.447358	12.083723	14.961787	7.7387725	10.722353	11.335536	62	104661
109	9558	978545	22643824	22643824	2154423	16.216276	8.5679295	18.446601	12.083902	14.961555	7.3576185	5.7760043	11.335482	63	105901
110	9558	978503	22643824	22643824	2154248	16.215770	8.5677122	18.445766	12.083957	14.960525	6.7948254	5.0368796	11.335048	63	107131
111	9559	978120	22643824	22643824	2152146	16.211407	8.5652872	18.440532	12.084951	14.938099	7.3993571	4.1846131	11.315547	64	108436
112	9559	978041	22643824	22643824	2151896	16.210357	8.5648303	18.439003	12.085002	14.935854	7.3279351	7.3522766	11.313786	64	109688
113	9560	977883	22643824	22643824	2151515	16.209329	8.5644864	18.437416	12.085176	14.935069	7.2408819	4.0980567	11.313640	65	111140
114	9561	977267	22643824	22643824	2146371	16.197989	8.5589576	18.420699	12.087871	14.838737	8.9349936	8.4636313	11.237184	66	112409
115	9561	977267	22643824	22643824	2146363	16.197724	8.5587153	18.419901	12.087876	14.837906	7.4560990	10.962760	11.236473	66	113659
