#
# Log of dataset merge statistics
#
# quorum=   0.6 commonality=   0.2 noise=4.0 nrank=200.0
#
# in-group-sim=mi-sim
# N,rows,cols,lcnt,rcnt,size,left-entropy,right-entropy,total-entropy,sparsity,mmt-entropy,top-pair-ranked-mi,top-pair-mi,mmt-q,nclasses,nsimilaries
1	15083	1043583	22942644	22942644	2777968	16.534961	8.5147856	19.463230	12.468151	18.221803	9.1671282	9.3887573	11.945777	0	20100
2	15084	1045232	22942644	22942644	2773324	16.538110	8.5183981	19.457720	12.472938	18.198414	9.3928166	10.902281	11.948261	1	20300
3	15085	1045255	22942644	22942644	2773250	16.537928	8.5191814	19.457120	12.473104	18.198282	9.1628641	5.0315035	11.948151	2	20704
4	15086	1053731	22942644	22942644	2715336	16.554677	8.5324910	19.389787	12.515299	17.846826	9.2963769	4.7142792	11.931134	3	21313
5	15087	1048923	22942644	22942644	2669329	16.516466	8.5175191	19.309916	12.533450	17.615141	8.7623322	7.3059948	11.777627	4	21724
6	15088	1048222	22942644	22942644	2631745	16.510897	8.5328985	19.266041	12.553039	17.465298	8.7198940	4.3347595	11.771529	5	22345
7	15089	1041525	22942644	22942644	2586791	16.478109	8.5205921	19.208007	12.568744	17.410626	9.1348979	5.1236065	11.742162	6	23179
8	15090	1037832	22942644	22942644	2574472	16.461393	8.5137057	19.182408	12.570602	17.359763	8.5068655	4.4788977	11.699740	7	24229
9	15090	1034835	22942644	22942644	2566409	16.446407	8.5040482	19.165503	12.570955	17.325323	10.050171	12.082808	11.665427	7	25286
10	15091	1034778	22942644	22942644	2566253	16.446048	8.5047142	19.164501	12.571059	17.325133	8.0383801	5.2581306	11.665277	8	25718
11	15092	1034006	22942644	22942644	2562351	16.442024	8.5085120	19.151525	12.572273	17.320017	7.9460396	4.7110891	11.666402	9	26169
12	15093	1033927	22942644	22942644	2556899	16.437594	8.5142885	19.136604	12.575331	17.277355	7.5951987	4.0748234	11.635947	10	26608
13	15094	1037522	22942644	22942644	2543186	16.443887	8.5224274	19.117955	12.588193	17.205611	7.5770820	4.2235288	11.635668	11	27051
14	15095	1036812	22942644	22942644	2541622	16.439006	8.5208511	19.109986	12.588188	17.199849	7.5094198	10.648913	11.632867	12	28380
15	15096	1036732	22942644	22942644	2541407	16.438703	8.5215589	19.109352	12.588294	17.199784	7.4635940	6.0613278	11.632825	13	29056
16	15097	1041702	22942644	22942644	2539220	16.448032	8.5294665	19.102503	12.596532	17.156030	7.2297769	5.9993199	11.634535	14	29511
17	15098	1041543	22942644	22942644	2538011	16.446152	8.5276593	19.099162	12.597094	17.145512	7.6564618	7.8853072	11.623394	15	30198
18	15099	1040498	22942644	22942644	2533059	16.441027	8.5257517	19.089938	12.598559	17.137797	7.1100240	6.8606829	11.619867	16	31348
19	15100	1039983	22942644	22942644	2518323	16.437883	8.5274053	19.070167	12.606358	17.117460	8.1328575	7.1504278	11.620538	17	32047
20	15101	1040011	22942644	22942644	2509488	16.432804	8.5270327	19.054563	12.611562	17.103224	7.1671961	13.077805	11.618538	18	32985
21	15102	1040011	22942644	22942644	2509479	16.432811	8.5271775	19.054510	12.611663	17.103222	7.1395295	4.4753607	11.618539	19	33461
22	15103	1036272	22942644	22942644	2494516	16.418229	8.5210345	19.032270	12.615190	17.092124	7.1739379	4.4708158	11.612591	20	34415
23	15103	1033162	22942644	22942644	2484942	16.405415	8.5146134	19.016209	12.616402	17.085106	7.4980211	4.0169034	11.606713	20	35375
24	15103	1028129	22942644	22942644	2466252	16.384405	8.5042134	18.989340	12.620249	17.069816	7.4355896	4.9719099	11.596037	20	36103
25	15104	1027273	22942644	22942644	2463146	16.379577	8.5014812	18.983026	12.620961	17.065380	7.4577048	4.6371355	11.592585	21	36838
26	15105	1026454	22942644	22942644	2452947	16.374735	8.5018374	18.966828	12.625891	17.051299	7.4818425	6.5909460	11.589519	22	37823
27	15106	1026261	22942644	22942644	2448918	16.372149	8.5015410	18.959418	12.628087	17.044070	7.3584169	5.4337742	11.589647	23	38570
28	15107	1024311	22942644	22942644	2442805	16.362776	8.4958232	18.948463	12.629045	17.037282	7.4336980	5.3217349	11.585009	24	40067
29	15108	1020760	22942644	22942644	2432071	16.346234	8.4863313	18.929196	12.630483	17.023740	7.3589011	4.9669924	11.575266	25	41327
30	15109	1019220	22942644	22942644	2426974	16.339052	8.4816764	18.920904	12.631427	17.017718	7.3409444	5.1181773	11.571141	26	42414
31	15110	1016257	22942644	22942644	2418352	16.326116	8.4740280	18.906029	12.632457	17.007217	7.4754153	7.2095049	11.564683	27	43947
32	15111	1013351	22942644	22942644	2408138	16.308197	8.4601860	18.886388	12.634527	17.000566	8.0933752	4.9710968	11.555830	28	44724
33	15112	1011475	22942644	22942644	2401833	16.296694	8.4540587	18.873327	12.635732	16.989703	7.3938063	4.0370685	11.545355	29	46024
34	15113	1007328	22942644	22942644	2390198	16.274807	8.4406578	18.847794	12.636906	16.971904	7.0976645	11.642450	11.533097	30	47334
35	15113	1007329	22942644	22942644	2390195	16.274777	8.4408519	18.847724	12.636909	16.971899	7.0361135	5.5167245	11.533094	30	47404
36	15114	1006072	22942644	22942644	2386136	16.268496	8.4370536	18.840561	12.637655	16.965980	8.0744170	5.4830392	11.531613	31	48608
37	15115	1008976	22942644	22942644	2376252	16.265710	8.4321569	18.820669	12.647897	16.873810	6.9335915	8.2091919	11.509622	32	49948
38	15116	1008979	22942644	22942644	2375576	16.266411	8.4336542	18.819409	12.648408	16.873513	6.9250262	4.1629447	11.509836	33	50491
39	15117	1009129	22942644	22942644	2373293	16.263575	8.4329848	18.811882	12.650105	16.863247	6.9059482	4.4301244	11.506561	34	51851
