#
# Log of dataset merge statistics
#
# quorum=   0.7 commonality=   0.2 noise=1.0 nrank=200.0
#
# in-group-sim=mi-sim
# N,rows,cols,lcnt,rcnt,size,left-entropy,right-entropy,total-entropy,sparsity,mmt-entropy,top-pair-ranked-mi,top-pair-mi,mmt-q,nclasses,nsimilaries
1	15083	1043583	22942644	22942644	2777968	16.534961	8.5147856	19.463230	12.468151	18.221803	9.1671282	9.3887573	11.945777	0	20100
2	15084	1043637	22942644	22942644	2777137	16.535802	8.5186622	19.459809	12.468753	18.219060	9.1916454	10.503679	11.946954	1	20300
3	15085	1043562	22942644	22942644	2776923	16.535507	8.5193781	19.459149	12.468856	18.218828	9.1619699	5.0376551	11.946791	2	20704
4	15086	1042555	22942644	22942644	2731416	16.563455	8.5612540	19.407533	12.491397	17.971204	9.0605433	4.6242224	11.965357	3	21313
5	15087	1039902	22942644	22942644	2684751	16.543501	8.5608762	19.351821	12.512678	17.862522	9.0319016	4.8386707	11.941187	4	21724
