#
# Log of merge statistics
#
# quorum=   0.6 commonality=   0.3 noise=4.0 nrank=200.0
#
# N,rows,cols,lcnt,rcnt,size,sparsity,entropy,ranked-mi,mmt-q
1	15083	1043583	22942644	22942644	2777968	12.468151	18.221803	9.1671282	11.945777
2	15084	1046128	22942644	22942644	2770397	12.475698	18.197635	9.1619699	11.950420
3	15085	1056164	22942644	22942644	2725786	12.512989	17.826725	9.0605433	11.957178
4	15086	1051761	22942644	22942644	2688004	12.527194	17.773584	9.0319016	11.936167
5	15087	1046435	22942644	22942644	2635277	12.548546	17.535895	8.9356953	11.776390
6	15088	1050115	22942644	22942644	2614335	12.565217	17.405985	8.8664533	11.784105
7	15089	1050814	22942644	22942644	2601471	12.573389	17.331458	8.7358421	11.740222
8	15090	1049129	22942644	22942644	2576331	12.585179	17.268048	8.3901200	11.703728
9	15091	1046621	22942644	22942644	2569684	12.585549	17.241425	8.3035097	11.682424
10	15092	1045973	22942644	22942644	2568180	12.585596	17.237997	8.1991158	11.672496
11	15093	1046101	22942644	22942644	2567892	12.586030	17.234456	8.1951150	11.671512
12	15094	1040460	22942644	22942644	2480708	12.628157	16.649783	8.1584737	11.391062
13	15095	1047076	22942644	22942644	2474259	12.641153	16.598220	8.0330815	11.433285
14	15096	1046459	22942644	22942644	2472453	12.641451	16.591006	7.9914125	11.433554
15	15097	1042564	22942644	22942644	2382679	12.689526	16.159462	7.8730937	11.326431
16	15098	1043485	22942644	22942644	2380697	12.692096	16.151694	7.8212028	11.330249
17	15099	1035125	22942644	22942644	2363269	12.691187	16.186794	7.7349668	11.306546
18	15100	1035497	22942644	22942644	2362129	12.692497	16.181988	7.6928855	11.309516
19	15101	1028906	22942644	22942644	2337797	12.698318	16.181828	7.6427946	11.282349
20	15102	1027264	22942644	22942644	2323958	12.704675	16.169441	7.6234779	11.279928
21	15103	1019595	22942644	22942644	2300576	12.708549	16.165641	7.6033376	11.250695
22	15104	1015960	22942644	22942644	2288332	12.711190	16.165831	7.5147193	11.225665
23	15105	1015914	22942644	22942644	2286682	12.712261	16.163289	7.3871367	11.225044
24	15106	1015861	22942644	22942644	2286400	12.712459	16.155128	7.3663812	11.218201
25	15107	1008242	22942644	22942644	2256408	12.720744	16.162282	7.2112938	11.191792
26	15108	1008162	22942644	22942644	2256176	12.720873	16.162187	7.1761239	11.191748
27	15108	1006299	22942644	22942644	2250417	12.721892	16.157155	7.1882473	11.188224
28	15109	999690	22942644	22942644	2231705	12.724527	16.111266	7.1714978	11.134059
29	15110	999631	22942644	22942644	2231541	12.724643	16.111129	7.1590694	11.134126
30	15111	989268	22942644	22942644	2195411	12.733254	15.963271	7.1489451	10.915427
31	15112	988689	22942644	22942644	2191438	12.735118	15.959217	7.0504862	10.915055
32	15113	971439	22942644	22942644	2156369	12.733094	16.235722	6.9119512	10.713250
33	15114	971804	22942644	22942644	2155355	12.734410	16.233196	6.8936767	10.712985
34	15115	966338	22942644	22942644	2142461	12.735024	16.229048	6.6804736	10.708117
35	15116	964397	22942644	22942644	2136347	12.736342	16.224250	6.6787750	10.705991
36	15117	925575	22942644	22942644	2034628	12.747541	16.230261	6.6675095	10.156317
37	15118	925290	22942644	22942644	2033094	12.748280	16.229319	6.6064268	10.155452
38	15119	925646	22942644	22942644	2033020	12.748983	16.225912	6.5734880	10.155529
39	15120	926223	22942644	22942644	2029594	12.752411	16.217640	6.5041050	10.154453
40	15121	922660	22942644	22942644	2011983	12.759519	16.200721	6.5032292	10.140178
41	15122	922825	22942644	22942644	2007568	12.763041	16.188246	6.4006912	10.140306
42	15123	922907	22942644	22942644	2006362	12.764132	16.187071	6.3324752	10.140330
43	15124	922788	22942644	22942644	2005899	12.764374	16.184040	6.3260657	10.140477
44	15125	922149	22942644	22942644	2002402	12.765988	16.179177	6.2610432	10.139802
45	15126	917672	22942644	22942644	1980762	12.774738	16.166726	6.1178796	10.135958
46	15127	917557	22942644	22942644	1979668	12.775449	16.166019	7.0652626	10.135992
47	15128	917984	22942644	22942644	1978918	12.776763	16.163942	6.0203100	10.136057
48	15129	917928	22942644	22942644	1978129	12.777345	16.163362	5.9305723	10.136216
49	15130	917949	22942644	22942644	1977776	12.777731	16.163217	5.9058097	10.136226
50	15130	913591	22942644	22942644	1969877	12.776639	16.168402	5.8666460	10.117055
51	15131	913656	22942644	22942644	1969100	12.777406	16.166027	5.8581848	10.117065
52	15132	913517	22942644	22942644	1968474	12.777741	16.165406	6.2731954	10.116732
53	15133	913164	22942644	22942644	1967244	12.778180	16.159334	5.8379506	10.112434
54	15134	913099	22942644	22942644	1966294	12.778870	16.158416	5.7987377	10.112396
55	15135	912978	22942644	22942644	1965615	12.779272	16.157288	5.7207665	10.112426
56	15136	913053	22942644	22942644	1965170	12.779813	16.156540	5.6923743	10.112432
57	15137	910208	22942644	22942644	1957139	12.781314	16.182683	5.6342350	10.073535
58	15138	907705	22942644	22942644	1941002	12.789381	16.155556	5.5987896	10.057080
59	15139	908555	22942644	22942644	1936718	12.794014	16.135934	5.5609268	10.057985
60	15140	907592	22942644	22942644	1934460	12.794262	16.140014	6.1152034	10.056239
61	15139	907568	22942644	22942644	1934420	12.794159	16.140013	5.4873185	10.056237
62	15140	904092	22942644	22942644	1920011	12.799505	15.979556	5.4638713	9.9232928
63	15141	904187	22942644	22942644	1919000	12.800511	15.978303	5.4559862	9.9233504
64	15142	903432	22942644	22942644	1907114	12.808365	15.957046	5.3608942	9.9249950
65	15143	903249	22942644	22942644	1905248	12.809580	15.955785	5.3289438	9.9248792
66	15144	903126	22942644	22942644	1904175	12.810292	15.954734	5.2784781	9.9248532
67	15145	900377	22942644	22942644	1894465	12.813365	15.904178	5.2274725	9.8683127
68	15146	898665	22942644	22942644	1889825	12.814252	15.901971	5.1680881	9.8665207
69	15147	894513	22942644	22942644	1883275	12.812675	15.922736	5.6312062	9.8425298
70	15147	894508	22942644	22942644	1883267	12.812673	15.922736	5.3101826	9.8425298
71	15148	894356	22942644	22942644	1882846	12.812846	15.922559	5.1485856	9.8424978
72	15148	894221	22942644	22942644	1881894	12.813358	15.921747	5.1147958	9.8425022
73	15149	895159	22942644	22942644	1881775	12.815057	15.920673	5.1007149	9.8425266
74	15150	895159	22942644	22942644	1881769	12.815156	15.920652	5.0767169	9.8425234
75	15151	893891	22942644	22942644	1877249	12.816676	15.917081	5.0517972	9.8423368
76	15152	893823	22942644	22942644	1876927	12.816909	15.916538	5.0047863	9.8423434
77	15153	891727	22942644	22942644	1872441	12.817070	15.920345	6.5716055	9.8357948
78	15154	891729	22942644	22942644	1872438	12.817170	15.920340	5.0030386	9.8357922
79	15155	890654	22942644	22942644	1869497	12.817793	15.918839	4.9844218	9.8339611
80	15156	890673	22942644	22942644	1869387	12.818004	15.918554	4.9791895	9.8339740
81	15157	890328	22942644	22942644	1868484	12.818237	15.917863	4.9122258	9.8338110
82	15158	890329	22942644	22942644	1868481	12.818336	15.917827	4.9662220	9.8338109
83	15159	892714	22942644	22942644	1861693	12.827542	15.847871	4.8881405	9.8595445
84	15160	892665	22942644	22942644	1861032	12.828070	15.846109	4.8563794	9.8595160
85	15161	883383	22942644	22942644	1838854	12.830381	15.900915	4.7943928	9.7713365
86	15162	883360	22942644	22942644	1838793	12.830487	15.900908	5.1238543	9.7713345
87	15163	883294	22942644	22942644	1838633	12.830600	15.900888	4.7716037	9.7713334
88	15164	883355	22942644	22942644	1838180	12.831150	15.899964	4.7559110	9.7712954
89	15165	883483	22942644	22942644	1833714	12.834964	15.888983	6.0537643	9.7687876
90	15166	883261	22942644	22942644	1833199	12.835101	15.888560	5.5377591	9.7687655
91	15167	879690	22942644	22942644	1828546	12.833018	15.922771	5.0056731	9.7385694
92	15168	879684	22942644	22942644	1828406	12.833214	15.922746	4.5954859	9.7385715
93	15169	879554	22942644	22942644	1827872	12.833517	15.922666	4.8252399	9.7385750
94	15170	879552	22942644	22942644	1827860	12.833619	15.922668	4.5292152	9.7385849
95	15171	879089	22942644	22942644	1826524	12.834009	15.920339	4.4998510	9.7380494
96	15172	879446	22942644	22942644	1826451	12.834748	15.918939	4.4823696	9.7380775
97	15173	879448	22942644	22942644	1826322	12.834948	15.918860	4.4687121	9.7380745
98	15174	879454	22942644	22942644	1826281	12.835085	15.918803	4.4517580	9.7380742
99	15175	879191	22942644	22942644	1823355	12.837062	15.916672	4.4368370	9.7381249
100	15176	878993	22942644	22942644	1821954	12.837941	15.914749	4.4159881	9.7374805
101	15177	865091	22942644	22942644	1788154	12.842052	15.853781	4.3832894	9.5425796
102	15178	858877	22942644	22942644	1769906	12.846545	15.843607	4.3695700	9.5084972
103	15179	858877	22942644	22942644	1769879	12.846662	15.843523	4.3265900	9.5085020
104	15180	858639	22942644	22942644	1768245	12.847690	15.841139	4.2809718	9.5083721
105	15181	858629	22942644	22942644	1768208	12.847798	15.841094	4.2377291	9.5083743
106	15182	858209	22942644	22942644	1767372	12.847869	15.840250	4.1730789	9.5083659
107	15183	858185	22942644	22942644	1767206	12.848060	15.840063	4.1464140	9.5083661
108	15184	857767	22942644	22942644	1762768	12.851079	15.838210	4.7113723	9.5047916
109	15185	857766	22942644	22942644	1762742	12.851194	15.838225	4.1266694	9.5048159
110	15186	857911	22942644	22942644	1762614	12.851638	15.838068	4.0773897	9.5048250
111	15187	859810	22942644	22942644	1758631	12.858186	15.730843	4.0692040	9.4854578
112	15188	859814	22942644	22942644	1757745	12.859015	15.728839	3.9910684	9.4857029
113	15189	859813	22942644	22942644	1757739	12.859113	15.728837	3.9349660	9.4857027
114	15190	859770	22942644	22942644	1757599	12.859251	15.728780	3.8963227	9.4857057
115	15189	859631	22942644	22942644	1757504	12.859001	15.729026	4.0869476	9.4856883
116	15190	859513	22942644	22942644	1757230	12.859123	15.728769	3.8903636	9.4856883
117	15191	859459	22942644	22942644	1757057	12.859269	15.728543	3.8596617	9.4856926
118	15192	859354	22942644	22942644	1756674	12.859502	15.728487	3.8596121	9.4856933
119	15193	833359	22942644	22942644	1697104	12.865054	15.486342	4.4311428	8.7412280
120	15194	832992	22942644	22942644	1696460	12.865061	15.485811	3.8495926	8.7412081
121	15195	833015	22942644	22942644	1696445	12.865209	15.485745	3.8393017	8.7412069
122	15195	833011	22942644	22942644	1696437	12.865209	15.485724	3.8064091	8.7412069
123	15196	832993	22942644	22942644	1696321	12.865371	15.485326	3.7571693	8.7411651
124	15197	831372	22942644	22942644	1693401	12.865141	15.497762	3.7532486	8.7403459
125	15197	831357	22942644	22942644	1693372	12.865140	15.497750	3.6940284	8.7403444
126	15198	830643	22942644	22942644	1687334	12.869149	15.493123	3.6921428	8.7400481
127	15197	830622	22942644	22942644	1687328	12.869022	15.493128	3.6018886	8.7400478
128	15198	831008	22942644	22942644	1687155	12.869936	15.492145	3.6459384	8.7400556
129	15198	830981	22942644	22942644	1686996	12.870025	15.491916	3.5976712	8.7400543
130	15199	830943	22942644	22942644	1686359	12.870599	15.491060	3.5949790	8.7403289
131	15200	830942	22942644	22942644	1686356	12.870694	15.491054	3.5854332	8.7403275
132	15200	830643	22942644	22942644	1684824	12.871486	15.488955	3.5489335	8.7402396
133	15201	830654	22942644	22942644	1684812	12.871611	15.488803	3.5410881	8.7402398
134	15202	830620	22942644	22942644	1684267	12.872113	15.487530	3.5092247	8.7402862
135	15203	832814	22942644	22942644	1678156	12.881258	15.352583	3.4930743	8.7230413
136	15204	833030	22942644	22942644	1677646	12.882165	15.351576	3.4779492	8.7230439
137	15205	833023	22942644	22942644	1677562	12.882320	15.351458	3.4669930	8.7230462
138	15206	832878	22942644	22942644	1677022	12.882629	15.350734	3.5228040	8.7230083
139	15207	832882	22942644	22942644	1676992	12.882756	15.350629	3.4639630	8.7230111
140	15208	832950	22942644	22942644	1676975	12.882983	15.350490	3.4446153	8.7230105
141	15209	833007	22942644	22942644	1676939	12.883208	15.350139	3.4352725	8.7230124
142	15210	833003	22942644	22942644	1676907	12.883323	15.350097	3.4294357	8.7230124
143	15210	833001	22942644	22942644	1676898	12.883328	15.349902	3.4157481	8.7230110
144	15211	832977	22942644	22942644	1676811	12.883456	15.349853	3.4077258	8.7230111
145	15211	832976	22942644	22942644	1676805	12.883459	15.349828	3.3652739	8.7229993
146	15212	832981	22942644	22942644	1676787	12.883578	15.349778	3.3217998	8.7229997
147	15212	832296	22942644	22942644	1675638	12.883380	15.348764	3.3201013	8.7229132
148	15213	832296	22942644	22942644	1675614	12.883496	15.348645	3.2739540	8.7229120
149	15214	832303	22942644	22942644	1675605	12.883611	15.348429	3.2512522	8.7229157
150	15214	832299	22942644	22942644	1675562	12.883641	15.348322	3.2476745	8.7229156
151	15215	832299	22942644	22942644	1675559	12.883738	15.348319	3.2470840	8.7229155
152	15216	832298	22942644	22942644	1675546	12.883842	15.348093	3.1269654	8.7229157
153	15217	832364	22942644	22942644	1675427	12.884154	15.348013	3.0984482	8.7229150
154	15217	832359	22942644	22942644	1675416	12.884155	15.347998	3.0836558	8.7229142
155	15218	831761	22942644	22942644	1673067	12.885237	15.345946	3.2687806	8.7224347
156	15219	831743	22942644	22942644	1672949	12.885402	15.345933	3.1505984	8.7224345
157	15220	831729	22942644	22942644	1672731	12.885661	15.345828	3.0690384	8.7224361
158	15221	831709	22942644	22942644	1672562	12.885867	15.345136	3.0146391	8.7224396
159	15222	831662	22942644	22942644	1671977	12.886385	15.344070	2.9374599	8.7224238
160	15223	831897	22942644	22942644	1669561	12.888973	15.306752	3.6040282	8.7226150
161	15224	831894	22942644	22942644	1669545	12.889076	15.306751	3.8494932	8.7226164
162	15225	831892	22942644	22942644	1669533	12.889178	15.306748	2.9364650	8.7226159
163	15226	831882	22942644	22942644	1669492	12.889291	15.306738	2.9333071	8.7226160
164	15227	831892	22942644	22942644	1669467	12.889425	15.306719	2.9307191	8.7226181
165	15228	831792	22942644	22942644	1669040	12.889715	15.306465	2.9224668	8.7226067
166	15229	831088	22942644	22942644	1667345	12.890054	15.304525	2.8901512	8.7224588
167	15229	831087	22942644	22942644	1667336	12.890060	15.304203	2.8807299	8.7224585
168	15230	829816	22942644	22942644	1662325	12.892289	15.315518	2.9536542	8.7151184
169	15231	829795	22942644	22942644	1662253	12.892410	15.315490	2.8260729	8.7151175
170	15232	829733	22942644	22942644	1662072	12.892554	15.315415	2.8012293	8.7151184
171	15233	829735	22942644	22942644	1662066	12.892657	15.315412	2.7969999	8.7151186
172	15234	829712	22942644	22942644	1661996	12.892773	15.315400	3.7685842	8.7151190
173	15235	829398	22942644	22942644	1661433	12.892810	15.314934	3.2340190	8.7151050
174	15236	829352	22942644	22942644	1661319	12.892924	15.314917	2.7667432	8.7151051
175	15236	828924	22942644	22942644	1660553	12.892845	15.314426	2.7866151	8.7151005
176	15235	828919	22942644	22942644	1660550	12.892744	15.314405	2.7400014	8.7150894
177	15236	828922	22942644	22942644	1660547	12.892846	15.314348	2.7361422	8.7150898
178	15237	828925	22942644	22942644	1660535	12.892957	15.314227	2.7239083	8.7150837
179	15238	828687	22942644	22942644	1659694	12.893368	15.312143	2.6986226	8.7138538
180	15239	828687	22942644	22942644	1659688	12.893468	15.312121	2.6972544	8.7138535
181	15240	828687	22942644	22942644	1659682	12.893568	15.312118	3.1011623	8.7138535
182	15241	828819	22942644	22942644	1659552	12.894005	15.311367	2.6738369	8.7138229
183	15242	828773	22942644	22942644	1658783	12.894688	15.308087	2.6376235	8.7139488
184	15243	828783	22942644	22942644	1658736	12.894841	15.308054	2.6153662	8.7139543
185	15244	828877	22942644	22942644	1658617	12.895203	15.307838	2.6087409	8.7139553
186	15245	828692	22942644	22942644	1655387	12.897788	15.283293	4.7340521	8.7073054
187	15245	828677	22942644	22942644	1655338	12.897804	15.283288	3.4336838	8.7073036
188	15246	828639	22942644	22942644	1655206	12.897948	15.283272	2.6035821	8.7073036
189	15247	828454	22942644	22942644	1654753	12.898115	15.282969	2.5885357	8.7072992
190	15247	828451	22942644	22942644	1654734	12.898127	15.282935	2.5866373	8.7072983
191	15248	828420	22942644	22942644	1654568	12.898312	15.282811	2.5734653	8.7072995
192	15249	828419	22942644	22942644	1654525	12.898442	15.282729	2.6295980	8.7072980
193	15249	827430	22942644	22942644	1650989	12.899806	15.252698	2.5620496	8.6918575
194	15248	827411	22942644	22942644	1650983	12.899683	15.252648	2.5614971	8.6918491
195	15249	827216	22942644	22942644	1650612	12.899762	15.252352	2.5462639	8.6918442
196	15249	827215	22942644	22942644	1650606	12.899765	15.252322	2.5455785	8.6918437
197	15250	827235	22942644	22942644	1650596	12.899904	15.252082	2.6098011	8.6918538
198	15250	827231	22942644	22942644	1650589	12.899903	15.252074	2.5010315	8.6918504
199	15250	827223	22942644	22942644	1650557	12.899917	15.252031	2.4794526	8.6918512
200	15251	825161	22942644	22942644	1645352	12.900968	15.254157	2.4683808	8.6895915
201	15252	825162	22942644	22942644	1644078	12.902181	15.246979	2.4676853	8.6894818
